Species	Molecular weight	Collision diameter	kb* inverse  Collision energy (k/eps)
h	0.001	2.05e-10	0.00689655172413793
ch	0.013	2.75e-10	0.0125
o	0.016	2.75e-10	0.0125
c2h	0.025	3.721e-10	0.00376931775348662
co	0.028	3.698e-10	0.00956937799043062
ch2o	0.03	3.59e-10	0.00200803212851406
ch3oh	0.032	3.626e-10	0.0020755500207555
c3h2	0.038	4.1e-10	0.00478468899521531
c3h4-p	0.04	4.667e-10	0.00351246926589392
c3h5-a	0.041	4.22e-10	0.00316455696202532
ch3co	0.043	3.97e-10	0.00229357798165138
nc3h7	0.043	4.81e-10	0.003295978905735
c3h8	0.044	5.114e-10	0.00421585160202361
pc2h4oh	0.045	4.41e-10	0.00212494687632809
c2h5oh	0.046	4.41e-10	0.00212494687632809
ch3o2h	0.048	3.626e-10	0.0020755500207555
c4h71-4	0.055	4.65e-10	0.0028169014084507
chchcho	0.055	4.12e-10	0.00225631768953069
c4h8-1	0.056	5.274e-10	0.00330687830687831
tc4h9	0.057	5.392e-10	0.00338066260987153
pc4h9	0.057	5.405e-10	0.00327868852459016
ch2cch2oh	0.057	4.997e-10	0.00207684319833853
c4h10	0.058	5.206e-10	0.00284981476204047
ic4h10	0.058	5.392e-10	0.00338066260987153
nc3h7o	0.059	4.997e-10	0.00207684319833853
ch3ocho	0.06	4.037e-10	0.00253164556962025
o2cho	0.061	3.97e-10	0.00229357798165138
hoch2o2	0.063	3.626e-10	0.0020755500207555
c5h81-3	0.068	5.33e-10	0.00222380359366661
c2h3chcho	0.069	5.009e-10	0.002154243860405
sc3h5co	0.069	5.009e-10	0.002154243860405
bc5h10	0.07	5.55e-10	0.00255493101686254
ac5h10	0.07	5.532e-10	0.00258665287118469
ic3h5cho	0.07	5.352e-10	0.00229147571035747
dc5h11	0.071	5.041e-10	0.00226893711640782
c5h11-2	0.071	5.041e-10	0.00226893711640782
ch3chcoch3	0.071	5.04e-10	0.00226971474225119
ic3h6cho	0.071	5.352e-10	0.00229147571035747
c3h6cho-3	0.071	5.009e-10	0.002154243860405
nc5h12	0.072	5.455e-10	0.00218254834344581
c4h8o2-3	0.072	5.2e-10	0.00201612903225806
c4h8o1-4	0.072	5.2e-10	0.00201612903225806
ch3coch2o	0.073	5.086e-10	0.00223394297637159
tc4h9o	0.073	5.2e-10	0.00201612903225806
ac3h5ooh	0.074	4.997e-10	0.00207684319833853
c3h6ooh1-2	0.075	4.662e-10	0.00229779411764706
c3h6ooh1-3	0.075	4.662e-10	0.00229779411764706
nc3h7o2h	0.076	4.997e-10	0.00207684319833853
ch3och2o2h	0.078	4.037e-10	0.00253164556962025
c6h101-5	0.082	5.715e-10	0.00240963855421687
c6h111-4	0.083	5.85e-10	0.00236183278223902
c6h112-4	0.083	5.85e-10	0.00236183278223902
c4h6cho1-44	0.083	5.306e-10	0.00207326503998292
c4h6cho1-43	0.083	5.306e-10	0.00207326503998292
c4h7cho1-1	0.084	5.778e-10	0.00210084033613445
ic3h7chco	0.084	5.778e-10	0.00210084033613445
dc6h12	0.084	5.872e-10	0.00241312741312741
c4h8cho4-2	0.085	5.778e-10	0.00210084033613445
tc4h8cho	0.085	5.348e-10	0.00204463854879734
ic4h9co	0.085	5.778e-10	0.00210084033613445
c5h9o2-4	0.085	5.664e-10	0.00191131498470948
c5h9o1-3	0.085	5.664e-10	0.00191131498470948
c2h5coc2h4p	0.085	5.348e-10	0.00204463854879734
nc4h9cho	0.086	5.778e-10	0.00210084033613445
c5h10o1-2	0.086	5.664e-10	0.00191131498470948
c5h10oh-1	0.087	5.664e-10	0.00191131498470948
c5h11o-3	0.087	5.664e-10	0.00191131498470948
c4h7ooh1-4	0.088	5.664e-10	0.00191131498470948
c4h8ooh1-4	0.089	5.2e-10	0.00201612903225806
tc4h8o2h-i	0.089	5.356e-10	0.00199123855037834
ic4h8o2h-t	0.089	5.356e-10	0.00199123855037834
c4h8ooh2-2	0.089	5.2e-10	0.00201612903225806
c3ket13	0.09	5.009e-10	0.002154243860405
ch3coch2o2h	0.09	5.449e-10	0.00197861904262539
c7h132-7	0.097	5.89e-10	0.0017919862375457
c7h132-5	0.097	5.89e-10	0.0017919862375457
c7h131-3	0.097	5.89e-10	0.0017919862375457
c7h132-4	0.097	5.89e-10	0.0017919862375457
c7h14-1	0.098	6.173e-10	0.00218435998252512
ic3h7coc2h3	0.098	5.606e-10	0.00188265416584301
kes1	0.098	5.643e-10	0.00186057934719713
c7h14-1-2	0.098	5.99e-10	0.00182865502422968
c6h11o1-4	0.099	5.674e-10	0.00184672206832872
c5h10cho-2	0.099	5.625e-10	0.00187152714743704
c4h8coch3-4	0.099	5.625e-10	0.00187152714743704
c6h11o2-4	0.099	5.674e-10	0.00184672206832872
ic4h9coch2	0.099	6.02e-10	0.00198530871550526
c4h8coch3-2	0.099	5.625e-10	0.00187152714743704
c7h15-2d	0.099	5.99e-10	0.00182865502422968
c5h10cho-4	0.099	5.625e-10	0.00187152714743704
c6h11o1-5	0.099	5.674e-10	0.00184672206832872
c6h12o3-4	0.1	5.643e-10	0.00186057934719713
c6h12o1-2	0.1	5.643e-10	0.00186057934719713
c6h12o1-3	0.1	5.643e-10	0.00186057934719713
c5h91o2-3	0.101	5.33e-10	0.00222380359366661
c6h12oh-3	0.101	5.674e-10	0.00184672206832872
c5h81ooh3-4	0.101	5.33e-10	0.00222380359366661
c5h81ooh4-5	0.101	5.33e-10	0.00222380359366661
c5h9ooh1-5	0.102	5.68e-10	0.00183963869496031
c5h10ooh1-3	0.103	5.664e-10	0.00191131498470948
c5h10ooh2-3	0.103	5.664e-10	0.00191131498470948
c5h11o2-2	0.103	5.664e-10	0.00191131498470948
ch3choococh3	0.103	5.698e-10	0.00182961859770712
c5h11o2h-2	0.104	5.664e-10	0.00191131498470948
nc4ket24	0.104	5.778e-10	0.00210084033613445
nc4ket13	0.104	5.778e-10	0.00210084033613445
io2c4h8oh	0.105	5.2e-10	0.00201612903225806
c3h6ooh1-2o2	0.107	4.662e-10	0.00229779411764706
c8h15-1-2	0.111	6.24e-10	0.00167768345468577
c8h16-6-2	0.112	6.24e-10	0.00167768345468577
c8h16-2-2	0.112	6.24e-10	0.00167768345468577
c8h16-1	0.112	6.11e-10	0.00164209005221846
c8h17-2	0.113	6.27e-10	0.00163174727498205
c7h13o1-3	0.113	6.317e-10	0.0017825311942959
c3coc3h6p	0.113	5.625e-10	0.00187152714743704
ic3h7coc3h6p	0.113	5.99e-10	0.00182865502422968
ic4h9coc2h4p	0.113	5.99e-10	0.00182865502422968
c8h17-2d	0.113	6.24e-10	0.00167768345468577
c7h14o4-5-2	0.114	5.99e-10	0.00182865502422968
c7h14o2-6-2	0.114	5.99e-10	0.00182865502422968
c7h14o1-3	0.114	6.297e-10	0.00195503421309873
c7h14o1-3-2	0.114	5.99e-10	0.00182865502422968
c7h14o2-5-2	0.114	5.99e-10	0.00182865502422968
c7h14o2-5	0.114	6.297e-10	0.00195503421309873
c7h14o1-4-2	0.114	5.99e-10	0.00182865502422968
c8h18-2	0.114	6.24e-10	0.00167768345468577
c6h113o2-2	0.115	5.943e-10	0.00169879368660314
c7h15o-1-2	0.115	5.99e-10	0.00182865502422968
c6h102ooh6-5	0.115	5.96e-10	0.00169037416432127
c6h112o2-4	0.115	5.943e-10	0.00169879368660314
c6h102ooh6-4	0.115	5.96e-10	0.00169037416432127
c6h101ooh4-6	0.115	5.96e-10	0.00169037416432127
c6h102ooh4-6	0.115	5.96e-10	0.00169037416432127
c6h112o2-5	0.115	5.943e-10	0.00169879368660314
c6h111o2-3	0.115	5.943e-10	0.00169879368660314
c7h15o-4	0.115	6.317e-10	0.0017825311942959
c6h113o2h-2	0.116	5.96e-10	0.00169037416432127
c6h11ooh1-4	0.116	6.317e-10	0.0017825311942959
c6h112o2h-6	0.116	5.96e-10	0.00169037416432127
nc5d1ket43	0.116	5.504e-10	0.00258732212160414
nc5d1ket45	0.116	5.504e-10	0.00258732212160414
c6h13o2-3	0.117	5.943e-10	0.00169879368660314
c6h12ooh1-2	0.117	5.943e-10	0.00169879368660314
c6h12ooh2-1	0.117	5.943e-10	0.00169879368660314
c6h12ooh3-5	0.117	5.943e-10	0.00169879368660314
nc5ket31	0.118	6.174e-10	0.00202101859337106
nc5ket32	0.118	6.174e-10	0.00202101859337106
nc5ket15	0.118	6.174e-10	0.00202101859337106
c6h13o2h-2	0.118	5.96e-10	0.00169037416432127
c4h8ooh2-3o2	0.121	5.2e-10	0.00201612903225806
ic4h8ooh-io2	0.121	6.009e-10	0.00166645002816301
c4h8ooh2-4o2	0.121	5.2e-10	0.00201612903225806
c9h17-1-2	0.125	6.4e-10	0.00153176888671037
c9h18-4-2	0.126	6.4e-10	0.00153176888671037
c9h18-5-2	0.126	6.4e-10	0.00153176888671037
c9h18-3	0.126	6.35e-10	0.00152891172063725
c9h18-2-2	0.126	6.4e-10	0.00153176888671037
nc6h13coch2	0.127	6.4e-10	0.00153176888671037
ic4h9coc3h6p	0.127	6.24e-10	0.00167771160137572
c6h13coch2	0.127	6.24e-10	0.00187090739008419
ic6h13coch2	0.127	6.24e-10	0.00167771160137572
c9h19-2a	0.127	6.4e-10	0.00153176888671037
c9h19-3	0.127	6.49e-10	0.00151768098345728
c8h16o5-6-2	0.128	6.24e-10	0.00167768345468577
c8o2-5	0.128	6.27e-10	0.00163174727498205
c8o2-4	0.128	6.27e-10	0.00163174727498205
c8o1-2	0.128	6.27e-10	0.00163174727498205
c8h16o3-6-2	0.128	6.24e-10	0.00167768345468577
c8h16o2-5-2	0.128	6.24e-10	0.00167768345468577
c8h16o6-7-2	0.128	6.24e-10	0.00167768345468577
c8h16o4-5-2	0.128	6.24e-10	0.00167768345468577
c8h17o-2	0.129	6.27e-10	0.00163174727498205
c8h17o-3-2	0.129	6.24e-10	0.00167768345468577
c8h17o-2-2	0.129	6.24e-10	0.00167768345468577
nc6d2ket45	0.13	6.548e-10	0.00214132762312634
nc6d1ket54	0.13	6.548e-10	0.00214132762312634
nc6d1ket45	0.13	6.548e-10	0.00214132762312634
nc6d1ket43	0.13	6.548e-10	0.00214132762312634
nc6d1ket64	0.13	6.548e-10	0.00214132762312634
c7ooh2-2e	0.131	5.99e-10	0.00182865502422968
c7ooh1-2d	0.131	5.99e-10	0.00182865502422968
c7h14ooh3-1	0.131	6.317e-10	0.0017825311942959
c7h15oo-2-2	0.131	5.99e-10	0.00182865502422968
c7h14ooh2-3	0.131	6.317e-10	0.0017825311942959
c7h14ooh2-1	0.131	6.317e-10	0.0017825311942959
c7ooh2-2d	0.131	5.99e-10	0.00182865502422968
c7h14ooh3-6	0.131	6.317e-10	0.0017825311942959
c7h15oo-1-2	0.131	5.99e-10	0.00182865502422968
c7ooh3-2a	0.131	5.99e-10	0.00182865502422968
c7h15oo-6-2	0.131	5.99e-10	0.00182865502422968
c7h14ooh3-7	0.131	6.317e-10	0.0017825311942959
c7ooh2-2a	0.131	5.99e-10	0.00182865502422968
c7ooh3-2d	0.131	5.99e-10	0.00182865502422968
nc6ket36	0.132	6.548e-10	0.00214132762312634
nc6ket14	0.132	6.548e-10	0.00214132762312634
nc6ket31	0.132	6.548e-10	0.00214132762312634
c7h15ooh-3-2	0.132	5.99e-10	0.00182865502422968
nc6ket35	0.132	6.548e-10	0.00214132762312634
nc6ket21	0.132	6.548e-10	0.00214132762312634
c7h15o2h-4	0.132	6.317e-10	0.0017825311942959
c5h81ooh5-4o2	0.133	5.33e-10	0.00222380359366661
c5h81ooh5-3o2	0.133	5.33e-10	0.00222380359366661
c5h10ooh2-4o2	0.135	5.664e-10	0.00191131498470948
c5h10ooh2-1o2	0.135	5.664e-10	0.00191131498470948
c10h19-1-2	0.139	6.4e-10	0.00153176888671037
c10h20-4	0.14	6.59e-10	0.00143225436837582
c10h20-1-2	0.14	6.4e-10	0.00153176888671037
c10h20-1	0.14	6.59e-10	0.00143225436837582
c7h15chco	0.14	6.24e-10	0.00187090739008419
c10h21-2b	0.141	6.4e-10	0.00153176888671037
c10h21-2f	0.141	6.4e-10	0.00153176888671037
c10h21-4	0.141	6.69e-10	0.00141860069227714
c10h21-1	0.141	6.69e-10	0.00141860069227714
ic5h11coc3h6p	0.141	6.4e-10	0.00153176888671037
nc7h15coch2	0.141	6.68e-10	0.00145749223885383
c10h22-2	0.142	6.4e-10	0.00153176888671037
c9o2-5	0.142	6.49e-10	0.00151768098345728
c9h18o3-5-2	0.142	6.4e-10	0.00153176888671037
c9o1-2	0.142	6.49e-10	0.00151768098345728
c9h18o5-6-2	0.142	6.4e-10	0.00153176888671037
c9h18o4-8-2	0.142	6.4e-10	0.00153176888671037
c9o4-6	0.142	6.49e-10	0.00151768098345728
c9o3-4	0.142	6.49e-10	0.00151768098345728
c9h18o5-8-2	0.142	6.4e-10	0.00153176888671037
c9h18o7-8-2	0.142	6.4e-10	0.00153176888671037
c9h18o4-6-2	0.142	6.4e-10	0.00153176888671037
c9h19o-7-2	0.143	6.4e-10	0.00153176888671037
c9h19o-1	0.143	6.49e-10	0.00151768098345728
c9h19o-4-2	0.143	6.4e-10	0.00153176888671037
c8ooh3-2f	0.145	6.24e-10	0.00167768345468577
c8ooh5-2f	0.145	6.24e-10	0.00167768345468577
c8h17oo-2-2	0.145	6.24e-10	0.00167768345468577
c8ooh2-2c	0.145	6.24e-10	0.00167768345468577
c8ooh2-6	0.145	6.27e-10	0.00163174727498205
c8ooh5-2d	0.145	6.24e-10	0.00167768345468577
c8ooh3-7	0.145	6.27e-10	0.00163174727498205
c8ooh3-6	0.145	6.27e-10	0.00163174727498205
c8ooh7-2c	0.145	6.24e-10	0.00167768345468577
c8h17oo-4-2	0.145	6.24e-10	0.00167768345468577
c8ooh2-1	0.145	6.27e-10	0.00163174727498205
c8h17o2-1	0.145	6.27e-10	0.00163174727498205
c8ooh6-2g	0.145	6.24e-10	0.00167768345468577
c8ooh3-2b	0.145	6.24e-10	0.00167768345468577
c8ooh2-2a	0.145	6.24e-10	0.00167768345468577
c8ooh4-3	0.145	6.27e-10	0.00163174727498205
c8ooh4-2g	0.145	6.24e-10	0.00167768345468577
nc7ket12	0.146	6.506e-10	0.00172028212626871
nc7ket26	0.146	6.506e-10	0.00172028212626871
c8h17ooh-4-2	0.146	6.24e-10	0.00167768345468577
c7ket1-5-2	0.146	5.99e-10	0.00182865502422968
c7ket1-1-2	0.146	5.99e-10	0.00182865502422968
c7ket4-3-2	0.146	5.99e-10	0.00182865502422968
c7ket4-2-2	0.146	5.99e-10	0.00182865502422968
c8h17ooh-1-2	0.146	6.24e-10	0.00167768345468577
c7ket3-4-2	0.146	5.99e-10	0.00182865502422968
c7ket1-2-2	0.146	5.99e-10	0.00182865502422968
c8ooh1-2	0.146	6.27e-10	0.00163174727498205
nc7ket14	0.146	6.506e-10	0.00172028212626871
nc7ket21	0.146	6.506e-10	0.00172028212626871
nc7ket36	0.146	6.506e-10	0.00172028212626871
c6h101ooh4-5o2	0.147	6.436e-10	0.00147677985199712
c6h101ooh3-4o2	0.147	6.436e-10	0.00147677985199712
c6h102ooh5-6o2	0.147	6.436e-10	0.00147677985199712
c6h101ooh4-3o2	0.147	6.436e-10	0.00147677985199712
c6h101ooh6-5o2	0.147	6.436e-10	0.00147677985199712
c6h12ooh3-2o2	0.149	6.436e-10	0.00147677985199712
c6h12ooh3-5o2	0.149	6.436e-10	0.00147677985199712
c6h12ooh2-6o2	0.149	6.436e-10	0.00147677985199712
c6h12ooh1-2o2	0.149	6.436e-10	0.00147677985199712
c11h22-2-2	0.154	6.68e-10	0.00145747099632717
c11h22-4	0.154	6.73e-10	0.00133591610446864
c11h22-4-2	0.154	6.68e-10	0.00145747099632717
c11h22-6-2	0.154	6.68e-10	0.00145747099632717
ic9h19co	0.155	6.68e-10	0.00145749223885383
ic6h13coc3h6p	0.155	6.68e-10	0.00145749223885383
ic8h17coch2	0.155	6.68e-10	0.00145749223885383
c11h23-3	0.155	6.8e-10	0.0013259082471493
c11h23-4	0.155	6.8e-10	0.0013259082471493
c11h23-2h	0.155	6.68e-10	0.00145747099632717
c11h23-2a	0.155	6.68e-10	0.00145747099632717
c10o2-4	0.156	6.69e-10	0.00141860069227714
c10h20o6-9-2	0.156	6.4e-10	0.00153176888671037
c10h20o3-5-2	0.156	6.4e-10	0.00153176888671037
c10h20o2-6-2	0.156	6.4e-10	0.00153176888671037
c10h20o1-2-2	0.156	6.4e-10	0.00153176888671037
c10h20o5-8-2	0.156	6.4e-10	0.00153176888671037
c10h20o3-4-2	0.156	6.4e-10	0.00153176888671037
c10h20o3-7-2	0.156	6.4e-10	0.00153176888671037
ic9h19cho	0.156	6.68e-10	0.00145749223885383
c10o4-5	0.156	6.69e-10	0.00141860069227714
c10h20o1-4-2	0.156	6.4e-10	0.00153176888671037
nc11h24	0.156	6.8e-10	0.0013259082471493
c10h21o-6-2	0.157	6.4e-10	0.00153176888671037
c10h21o-8-2	0.157	6.4e-10	0.00153176888671037
c10h21o-7-2	0.157	6.4e-10	0.00153176888671037
c9ooh6-2g	0.159	6.4e-10	0.00153176888671037
c9ooh3-5	0.159	6.49e-10	0.00151768098345728
c9h19oo-1-2	0.159	6.4e-10	0.00153176888671037
c9ooh2-6	0.159	6.49e-10	0.00151768098345728
c9h19oo-5-2	0.159	6.4e-10	0.00153176888671037
c9ooh7-2f	0.159	6.4e-10	0.00153176888671037
c9ooh6-2d	0.159	6.4e-10	0.00153176888671037
c9ooh5-1	0.159	6.49e-10	0.00151768098345728
c9ooh3-2a	0.159	6.4e-10	0.00153176888671037
c9ooh1-3	0.159	6.49e-10	0.00151768098345728
c9ooh4-7	0.159	6.49e-10	0.00151768098345728
c9ooh1-4	0.159	6.49e-10	0.00151768098345728
c9ooh8-2e	0.159	6.4e-10	0.00153176888671037
c9ooh2-5	0.159	6.49e-10	0.00151768098345728
c9ooh2-3	0.159	6.49e-10	0.00151768098345728
c9ooh3-2f	0.159	6.4e-10	0.00153176888671037
c9ooh4-2f	0.159	6.4e-10	0.00153176888671037
c9ooh1-2b	0.159	6.4e-10	0.00153176888671037
c9ooh1-5	0.159	6.49e-10	0.00151768098345728
c9ooh4-2c	0.159	6.4e-10	0.00153176888671037
c8ket4-6-2	0.16	6.24e-10	0.00167768345468577
c8ket3-5-2	0.16	6.24e-10	0.00167768345468577
c8ket3-6-2	0.16	6.24e-10	0.00167768345468577
c8ket1-1-2	0.16	6.24e-10	0.00167768345468577
c8ket3-2-2	0.16	6.24e-10	0.00167768345468577
c9h19ooh-3-2	0.16	6.4e-10	0.00153176888671037
c8ket4-2	0.16	6.27e-10	0.00163174727498205
c8ket1-2-2	0.16	6.24e-10	0.00167768345468577
c8ket6-5-2	0.16	6.24e-10	0.00167768345468577
c9h19ooh-1-2	0.16	6.4e-10	0.00153176888671037
c9h19o2h-5	0.16	6.49e-10	0.00151768098345728
c9h19ooh-4-2	0.16	6.4e-10	0.00153176888671037
c8ket7-4-2	0.16	6.24e-10	0.00167768345468577
c8ket5-7-2	0.16	6.24e-10	0.00167768345468577
c8ket4-8	0.16	6.27e-10	0.00163174727498205
c8ket7-3-2	0.16	6.24e-10	0.00167768345468577
c8ket1-5	0.16	6.27e-10	0.00163174727498205
c8ket3-1-2	0.16	6.24e-10	0.00167768345468577
c7h14ooh1-5o2	0.163	7.229e-10	0.00166500166500167
c7ooh5-oo1-2	0.163	5.99e-10	0.00182865502422968
c7ooh2-oo1-2	0.163	5.99e-10	0.00182865502422968
c7ooh3-oo4-2	0.163	5.99e-10	0.00182865502422968
c7ooh3-oo1-2	0.163	5.99e-10	0.00182865502422968
c7ooh6-oo2-2	0.163	5.99e-10	0.00182865502422968
c7ooh4-oo1-2	0.163	5.99e-10	0.00182865502422968
c7h14ooh1-4o2	0.163	7.229e-10	0.00166500166500167
c7h14ooh2-3o2	0.163	7.229e-10	0.00166500166500167
c7ooh2-oo4-2	0.163	5.99e-10	0.00182865502422968
c7h14ooh1-2o2	0.163	7.229e-10	0.00166500166500167
c7h14ooh2-6o2	0.163	7.229e-10	0.00166500166500167
nc8h17coc2h3	0.168	7.11e-10	0.00119937152931864
c12h24-3-2	0.168	7.12e-10	0.00119935714457051
c12h24-8-2	0.168	7.12e-10	0.00119935714457051
c12h24-1-2	0.168	7.12e-10	0.00119935714457051
c12h24-10-2	0.168	7.12e-10	0.00119935714457051
ic8h17coc2h4p	0.169	6.87e-10	0.0013674839662505
nc8h17coc2h4p	0.169	6.87e-10	0.0013674839662505
nc7h15coc3h6p	0.169	7.11e-10	0.00119937152931864
c12h25-6	0.169	7.06e-10	0.0012671701556085
c12h25-2a	0.169	7.12e-10	0.00119935714457051
c12h25-1	0.169	7.06e-10	0.0012671701556085
c12h25-4	0.169	7.06e-10	0.0012671701556085
c11h22o1-2-2	0.17	6.68e-10	0.00145747099632717
c11h22o1-5-2	0.17	6.68e-10	0.00145747099632717
c11o1-2	0.17	6.8e-10	0.0013259082471493
c11o3-6	0.17	6.8e-10	0.0013259082471493
c11o4-7	0.17	6.8e-10	0.0013259082471493
c11o4-8	0.17	6.8e-10	0.0013259082471493
c11o1-3	0.17	6.8e-10	0.0013259082471493
c11h22o5-6-2	0.17	6.68e-10	0.00145747099632717
c11h22o6-9-2	0.17	6.68e-10	0.00145747099632717
c11h22o3-6-2	0.17	6.68e-10	0.00145747099632717
c11h22o7-9-2	0.17	6.68e-10	0.00145747099632717
c11h22o1-4-2	0.17	6.68e-10	0.00145747099632717
ic10h21cho	0.17	6.87e-10	0.0013674839662505
c11h23o-6	0.171	6.8e-10	0.0013259082471493
c11h23o-3-2	0.171	6.68e-10	0.00145747099632717
c11h23o-2	0.171	6.8e-10	0.0013259082471493
c11h23o-1-2	0.171	6.68e-10	0.00145747099632717
c10ooh4-2e	0.173	6.4e-10	0.00153176888671037
c10ooh5-2d	0.173	6.4e-10	0.00153176888671037
c10ooh8-2d	0.173	6.4e-10	0.00153176888671037
c10ooh6-2e	0.173	6.4e-10	0.00153176888671037
c10ooh5-2i	0.173	6.4e-10	0.00153176888671037
c10ooh4-6	0.173	6.69e-10	0.00141860069227714
c10ooh3-2e	0.173	6.4e-10	0.00153176888671037
c10ooh1-2d	0.173	6.4e-10	0.00153176888671037
c10ooh4-2b	0.173	6.4e-10	0.00153176888671037
c10ooh5-6	0.173	6.69e-10	0.00141860069227714
c10h21oo-1-2	0.173	6.4e-10	0.00153176888671037
c10ooh2-4	0.173	6.69e-10	0.00141860069227714
c10ooh6-2i	0.173	6.4e-10	0.00153176888671037
c10ooh4-1	0.173	6.69e-10	0.00141860069227714
c10ooh3-5	0.173	6.69e-10	0.00141860069227714
c10ooh5-4	0.173	6.69e-10	0.00141860069227714
c10ooh9-2h	0.173	6.4e-10	0.00153176888671037
c10ooh3-6	0.173	6.69e-10	0.00141860069227714
c10ooh4-2g	0.173	6.4e-10	0.00153176888671037
c10ooh4-7	0.173	6.69e-10	0.00141860069227714
c10ooh5-9	0.173	6.69e-10	0.00141860069227714
c10ooh1-4	0.173	6.69e-10	0.00141860069227714
c10ooh2-6	0.173	6.69e-10	0.00141860069227714
c9ket3-2	0.174	6.49e-10	0.00151768098345728
c9ket8-7-2	0.174	6.4e-10	0.00153176888671037
c9ket4-8-2	0.174	6.4e-10	0.00153176888671037
c9ket4-7	0.174	6.49e-10	0.00151768098345728
c10h21o2h-1	0.174	6.69e-10	0.00141860069227714
c10h21o2h-5	0.174	6.69e-10	0.00141860069227714
c9ket8-4-2	0.174	6.4e-10	0.00153176888671037
c9ket4-1-2	0.174	6.4e-10	0.00153176888671037
c10h21ooh-6-2	0.174	6.4e-10	0.00153176888671037
c9ket2-5	0.174	6.49e-10	0.00151768098345728
c9ket2-6	0.174	6.49e-10	0.00151768098345728
c10h21ooh-7-2	0.174	6.4e-10	0.00153176888671037
c9ket4-8	0.174	6.49e-10	0.00151768098345728
c10h21ooh-3-2	0.174	6.4e-10	0.00153176888671037
c9ket5-3	0.174	6.49e-10	0.00151768098345728
c9ket1-5-2	0.174	6.4e-10	0.00153176888671037
c10ooh3-2	0.174	6.69e-10	0.00141860069227714
c9ket4-6-2	0.174	6.4e-10	0.00153176888671037
c9ket1-4-2	0.174	6.4e-10	0.00153176888671037
c9ket3-4-2	0.174	6.4e-10	0.00153176888671037
c10ooh5-2	0.174	6.69e-10	0.00141860069227714
c8ooh4-oo2-2	0.177	6.24e-10	0.00167768345468577
c8ooh4-5o2	0.177	6.27e-10	0.00163174727498205
c8ooh2-4o2	0.177	6.27e-10	0.00163174727498205
c8ooh2-1o2	0.177	6.27e-10	0.00163174727498205
c8ooh2-3o2	0.177	6.27e-10	0.00163174727498205
c8ooh6-oo5-2	0.177	6.24e-10	0.00167768345468577
c8ooh3-6o2	0.177	6.27e-10	0.00163174727498205
c8ooh3-1o2	0.177	6.27e-10	0.00163174727498205
c8ooh7-oo5-2	0.177	6.24e-10	0.00167768345468577
c8ooh5-oo1-2	0.177	6.24e-10	0.00167768345468577
c8ooh5-oo7-2	0.177	6.24e-10	0.00167768345468577
c8ooh6-oo7-2	0.177	6.24e-10	0.00167768345468577
c8ooh3-4o2	0.177	6.27e-10	0.00163174727498205
c8ooh7-oo4-2	0.177	6.24e-10	0.00167768345468577
c8ooh1-oo4-2	0.177	6.24e-10	0.00167768345468577
c13h25-1-2	0.181	7.24e-10	0.00113428840416964
nc10h21chco	0.182	7.24e-10	0.00113430127041742
c13h26-6-2	0.182	7.24e-10	0.00113428840416964
c13h26-3-2	0.182	7.24e-10	0.00113428840416964
c13h26-4	0.182	7.1e-10	0.00118427285646613
ic11h23co	0.183	7.11e-10	0.00119937152931864
nc10h21coch2	0.183	7.24e-10	0.00113430127041742
ic8h17coc3h6p	0.183	7.11e-10	0.00119937152931864
ic9h19coc2h4p	0.183	7.11e-10	0.00119937152931864
c13h27-2g	0.183	7.24e-10	0.00113428840416964
c13h27-2a	0.183	7.24e-10	0.00113428840416964
c13h27-6	0.183	7.27e-10	0.00120989207762668
c13h27-2l	0.183	7.24e-10	0.00113428840416964
nc11h23cho	0.184	6.8e-10	0.0013259082471493
c12o6-7	0.184	7.06e-10	0.0012671701556085
c12h24o5-6-2	0.184	7.12e-10	0.00119935714457051
c12o3-6	0.184	7.06e-10	0.0012671701556085
c12o2-6	0.184	7.06e-10	0.0012671701556085
c12o5-7	0.184	7.06e-10	0.0012671701556085
c12h24o1-2-2	0.184	7.12e-10	0.00119935714457051
c12h24o7-11-2	0.184	7.12e-10	0.00119935714457051
ic11h23cho	0.184	7.11e-10	0.00119937152931864
nc13h28	0.184	7.27e-10	0.00120989207762668
c12h24o6-10-2	0.184	7.12e-10	0.00119935714457051
c12h24o9-10-2	0.184	7.12e-10	0.00119935714457051
c13h28-2	0.184	7.24e-10	0.00113428840416964
c12h24o2-5-2	0.184	7.12e-10	0.00119935714457051
c12o1-2	0.184	7.06e-10	0.0012671701556085
c12h25o-3-2	0.185	7.12e-10	0.00119935714457051
c12h25o-8-2	0.185	7.12e-10	0.00119935714457051
c12h25o-4	0.185	7.06e-10	0.0012671701556085
c12h25o-6-2	0.185	7.12e-10	0.00119935714457051
c11h23o2-4	0.187	6.8e-10	0.0013259082471493
c11ooh8-2j	0.187	6.68e-10	0.00145747099632717
c11ooh10-2g	0.187	6.68e-10	0.00145747099632717
c11ooh3-4	0.187	6.8e-10	0.0013259082471493
c11ooh4-2g	0.187	6.68e-10	0.00145747099632717
c11ooh5-1	0.187	6.8e-10	0.0013259082471493
c11h23oo-4-2	0.187	6.68e-10	0.00145747099632717
c11ooh4-2c	0.187	6.68e-10	0.00145747099632717
c11ooh7-2d	0.187	6.68e-10	0.00145747099632717
c11h23oo-7-2	0.187	6.68e-10	0.00145747099632717
c11ooh6-2h	0.187	6.68e-10	0.00145747099632717
c11ooh1-2b	0.187	6.68e-10	0.00145747099632717
c11ooh3-7	0.187	6.8e-10	0.0013259082471493
c11h23o2-1	0.187	6.8e-10	0.0013259082471493
c11ooh3-1	0.187	6.8e-10	0.0013259082471493
c11ooh1-3	0.187	6.8e-10	0.0013259082471493
c11ooh6-5	0.187	6.8e-10	0.0013259082471493
c11ooh5-2d	0.187	6.68e-10	0.00145747099632717
c11ooh6-3	0.187	6.8e-10	0.0013259082471493
c11ooh8-2e	0.187	6.68e-10	0.00145747099632717
c11ooh5-8	0.187	6.8e-10	0.0013259082471493
c11ooh10-2f	0.187	6.68e-10	0.00145747099632717
c11ooh4-2h	0.187	6.68e-10	0.00145747099632717
c11ooh4-1	0.187	6.8e-10	0.0013259082471493
c11ooh1-2d	0.187	6.68e-10	0.00145747099632717
c11h23oo-9-2	0.187	6.68e-10	0.00145747099632717
c10ket8-7-2	0.188	6.4e-10	0.00153176888671037
c11h23ooh-10-2	0.188	6.68e-10	0.00145747099632717
c10ket5-7	0.188	6.69e-10	0.00141860069227714
c10ket2-6	0.188	6.69e-10	0.00141860069227714
c11ooh3-2	0.188	6.8e-10	0.0013259082471493
c10ket1-5-2	0.188	6.4e-10	0.00153176888671037
c10ket9-5-2	0.188	6.4e-10	0.00153176888671037
c10ket4-6-2	0.188	6.4e-10	0.00153176888671037
c10ket5-6-2	0.188	6.4e-10	0.00153176888671037
c11ooh4-2	0.188	6.8e-10	0.0013259082471493
c10ket1-2-2	0.188	6.4e-10	0.00153176888671037
c10ket3-2-2	0.188	6.4e-10	0.00153176888671037
c10ket1-1-2	0.188	6.4e-10	0.00153176888671037
c10ket5-7-2	0.188	6.4e-10	0.00153176888671037
c10ket3-4-2	0.188	6.4e-10	0.00153176888671037
c10ket5-6	0.188	6.69e-10	0.00141860069227714
c10ket4-6	0.188	6.69e-10	0.00141860069227714
c10ket5-1	0.188	6.69e-10	0.00141860069227714
c11ooh6-2	0.188	6.8e-10	0.0013259082471493
c11h23ooh-5-2	0.188	6.68e-10	0.00145747099632717
c10ket6-4-2	0.188	6.4e-10	0.00153176888671037
c10ket7-9-2	0.188	6.4e-10	0.00153176888671037
c11h23o2h-6	0.188	6.8e-10	0.0013259082471493
c10ket8-5-2	0.188	6.4e-10	0.00153176888671037
c10ket3-7-2	0.188	6.4e-10	0.00153176888671037
c9ooh7-oo6-2	0.191	6.4e-10	0.00153176888671037
c9ooh5-oo3-2	0.191	6.4e-10	0.00153176888671037
c9ooh4-2o2	0.191	6.49e-10	0.00151768098345728
c9ooh5-3o2	0.191	6.49e-10	0.00151768098345728
c9ooh2-oo6-2	0.191	6.4e-10	0.00153176888671037
c9ooh3-oo4-2	0.191	6.4e-10	0.00153176888671037
c9ooh3-7o2	0.191	6.49e-10	0.00151768098345728
c9ooh4-1o2	0.191	6.49e-10	0.00151768098345728
c9ooh4-oo2-2	0.191	6.4e-10	0.00153176888671037
c9ooh1-5o2	0.191	6.49e-10	0.00151768098345728
c9ooh2-4o2	0.191	6.49e-10	0.00151768098345728
c9ooh2-3o2	0.191	6.49e-10	0.00151768098345728
c9ooh4-oo5-2	0.191	6.4e-10	0.00153176888671037
c9ooh3-5o2	0.191	6.49e-10	0.00151768098345728
c9ooh6-oo5-2	0.191	6.4e-10	0.00153176888671037
c9ooh2-oo4-2	0.191	6.4e-10	0.00153176888671037
c9ooh4-3o2	0.191	6.49e-10	0.00151768098345728
c9ooh8-oo6-2	0.191	6.4e-10	0.00153176888671037
c14h28-5	0.196	7.32e-10	0.00113779881441364
c14h28-1-2	0.196	7.36e-10	0.00107580093379521
c14h28-2-2	0.196	7.36e-10	0.00107580093379521
c14h28-10-2	0.196	7.36e-10	0.00107580093379521
c14h28-11-2	0.196	7.36e-10	0.00107580093379521
c14h28-5-2	0.196	7.36e-10	0.00107580093379521
nc11h23coch2	0.197	7.35e-10	0.00107581250739621
nc10h21coc2h4p	0.197	7.24e-10	0.00113430127041742
c14h29-2g	0.197	7.36e-10	0.00107580093379521
c14h29-2i	0.197	7.36e-10	0.00107580093379521
c14h29-1	0.197	7.48e-10	0.00116661611330176
ic12h25co	0.197	7.24e-10	0.00113430127041742
c14h29-5	0.197	7.48e-10	0.00116661611330176
ic12h25cho	0.198	7.24e-10	0.00113430127041742
c13h26o7-11-2	0.198	7.24e-10	0.00113428840416964
c13o4-5	0.198	7.27e-10	0.00120989207762668
nc12h25cho	0.198	7.06e-10	0.0012671701556085
c13o1-2	0.198	7.27e-10	0.00120989207762668
c13o2-4	0.198	7.27e-10	0.00120989207762668
c13h26o1-3-2	0.198	7.24e-10	0.00113428840416964
c13o1-5	0.198	7.27e-10	0.00120989207762668
c13h26o9-12-2	0.198	7.24e-10	0.00113428840416964
c13o3-6	0.198	7.27e-10	0.00120989207762668
c13h26o8-11-2	0.198	7.24e-10	0.00113428840416964
c13h26o7-9-2	0.198	7.24e-10	0.00113428840416964
c13h26o8-9-2	0.198	7.24e-10	0.00113428840416964
c13h26o11-12-2	0.198	7.24e-10	0.00113428840416964
c13h26o8-10-2	0.198	7.24e-10	0.00113428840416964
c13o4-7	0.198	7.27e-10	0.00120989207762668
c13h26o4-5-2	0.198	7.24e-10	0.00113428840416964
c13h27o-2-2	0.199	7.24e-10	0.00113428840416964
c13h27o-1	0.199	7.27e-10	0.00120989207762668
c13h27o-1-2	0.199	7.24e-10	0.00113428840416964
c13h27o-3	0.199	7.27e-10	0.00120989207762668
c12ooh3-6	0.201	7.06e-10	0.0012671701556085
c12ooh6-2e	0.201	7.12e-10	0.00119935714457051
c12ooh7-2k	0.201	7.12e-10	0.00119935714457051
c12h25oo-4-2	0.201	7.12e-10	0.00119935714457051
c12ooh1-2a	0.201	7.12e-10	0.00119935714457051
c12ooh7-2i	0.201	7.12e-10	0.00119935714457051
c12h25o2-1	0.201	7.06e-10	0.0012671701556085
c12ooh7-2f	0.201	7.12e-10	0.00119935714457051
c12h25oo-11-2	0.201	7.12e-10	0.00119935714457051
c12ooh6-9	0.201	7.06e-10	0.0012671701556085
c12ooh6-7	0.201	7.06e-10	0.0012671701556085
c12ooh11-2g	0.201	7.12e-10	0.00119935714457051
c12ooh2-2a	0.201	7.12e-10	0.00119935714457051
c12ooh1-3	0.201	7.06e-10	0.0012671701556085
c12ooh3-2b	0.201	7.12e-10	0.00119935714457051
c12ooh5-4	0.201	7.06e-10	0.0012671701556085
c12ooh9-2j	0.201	7.12e-10	0.00119935714457051
c12ooh3-4	0.201	7.06e-10	0.0012671701556085
c12ooh11-2i	0.201	7.12e-10	0.00119935714457051
c12ooh1-4	0.201	7.06e-10	0.0012671701556085
c12ooh5-7	0.201	7.06e-10	0.0012671701556085
c12ooh3-2a	0.201	7.12e-10	0.00119935714457051
c12ooh2-6	0.201	7.06e-10	0.0012671701556085
c12ooh3-2f	0.201	7.12e-10	0.00119935714457051
c12ooh6-2d	0.201	7.12e-10	0.00119935714457051
c12ooh5-2g	0.201	7.12e-10	0.00119935714457051
c12ooh7-2h	0.201	7.12e-10	0.00119935714457051
c12ooh4-2g	0.201	7.12e-10	0.00119935714457051
c12ooh1-2d	0.201	7.12e-10	0.00119935714457051
c12ooh4-2e	0.201	7.12e-10	0.00119935714457051
c11ket1-5-2	0.202	6.68e-10	0.00145747099632717
c11ket6-2-2	0.202	6.68e-10	0.00145747099632717
c11ket4-5	0.202	6.8e-10	0.0013259082471493
c11ket9-8-2	0.202	6.68e-10	0.00145747099632717
c11ket3-7	0.202	6.8e-10	0.0013259082471493
c12ooh5-2	0.202	7.06e-10	0.0012671701556085
c11ket4-6	0.202	6.8e-10	0.0013259082471493
c11ket2-1	0.202	6.8e-10	0.0013259082471493
c12h25ooh-3-2	0.202	7.12e-10	0.00119935714457051
c11ket8-4-2	0.202	6.68e-10	0.00145747099632717
c11ket5-8	0.202	6.8e-10	0.0013259082471493
c11ket5-6	0.202	6.8e-10	0.0013259082471493
c11ket7-9-2	0.202	6.68e-10	0.00145747099632717
c11ket6-8-2	0.202	6.68e-10	0.00145747099632717
c11ket7-8-2	0.202	6.68e-10	0.00145747099632717
c11ket1-2	0.202	6.8e-10	0.0013259082471493
c11ket6-5-2	0.202	6.68e-10	0.00145747099632717
c11ket5-2-2	0.202	6.68e-10	0.00145747099632717
c11ket9-7-2	0.202	6.68e-10	0.00145747099632717
c11ket4-7-2	0.202	6.68e-10	0.00145747099632717
c12h25o2h-1	0.202	7.06e-10	0.0012671701556085
c11ket2-4	0.202	6.8e-10	0.0013259082471493
c11ket5-4-2	0.202	6.68e-10	0.00145747099632717
c12h25ooh-10-2	0.202	7.12e-10	0.00119935714457051
c11ket5-9-2	0.202	6.68e-10	0.00145747099632717
c11ket6-7-2	0.202	6.68e-10	0.00145747099632717
c12h25ooh-7-2	0.202	7.12e-10	0.00119935714457051
c11ket4-5-2	0.202	6.68e-10	0.00145747099632717
c10ooh1-5o2	0.205	6.69e-10	0.00141860069227714
c10ooh6-oo7-2	0.205	6.4e-10	0.00153176888671037
c10ooh4-5o2	0.205	6.69e-10	0.00141860069227714
c10ooh2-5o2	0.205	6.69e-10	0.00141860069227714
c10ooh5-oo4-2	0.205	6.4e-10	0.00153176888671037
c10ooh4-1o2	0.205	6.69e-10	0.00141860069227714
c10ooh4-8o2	0.205	6.69e-10	0.00141860069227714
c10ooh6-oo4-2	0.205	6.4e-10	0.00153176888671037
c10ooh3-5o2	0.205	6.69e-10	0.00141860069227714
c10ooh8-oo9-2	0.205	6.4e-10	0.00153176888671037
c10ooh7-oo8-2	0.205	6.4e-10	0.00153176888671037
c10ooh1-4o2	0.205	6.69e-10	0.00141860069227714
c10ooh5-9o2	0.205	6.69e-10	0.00141860069227714
c10ooh5-7o2	0.205	6.69e-10	0.00141860069227714
c10ooh5-oo1-2	0.205	6.4e-10	0.00153176888671037
c10ooh4-oo7-2	0.205	6.4e-10	0.00153176888671037
c10ooh9-oo7-2	0.205	6.4e-10	0.00153176888671037
c10ooh2-1o2	0.205	6.69e-10	0.00141860069227714
c10ooh4-6o2	0.205	6.69e-10	0.00141860069227714
c10ooh4-oo2-2	0.205	6.4e-10	0.00153176888671037
c10ooh5-oo2-2	0.205	6.4e-10	0.00153176888671037
c15h30-4	0.21	7.38e-10	0.00108105770686039
c15h30-12-2	0.21	7.46e-10	0.00102285047971688
c15h30-2	0.21	7.38e-10	0.00108105770686039
c15h30-4-2	0.21	7.46e-10	0.00102285047971688
c15h30-10-2	0.21	7.46e-10	0.00102285047971688
nc12h25chco	0.21	7.46e-10	0.00102285047971688
c15h31-5	0.211	7.58e-10	0.00110513112380784
c15h31-8	0.211	7.58e-10	0.00110513112380784
c15h31-2	0.211	7.58e-10	0.00110513112380784
c15h31-2h	0.211	7.46e-10	0.00102285047971688
c15h31-4	0.211	7.58e-10	0.00110513112380784
nc12h25coch2	0.211	7.46e-10	0.00102285047971688
ic11h23coc2h4p	0.211	7.35e-10	0.00107581250739621
nc10h21coc3h6p	0.211	7.46e-10	0.00102285047971688
c15h32-2	0.212	7.46e-10	0.00102285047971688
c14h28o2-5-2	0.212	7.36e-10	0.00107580093379521
c14h28o9-13-2	0.212	7.36e-10	0.00107580093379521
c14h28o3-5-2	0.212	7.36e-10	0.00107580093379521
c14h28o10-12-2	0.212	7.36e-10	0.00107580093379521
c14h28o6-10-2	0.212	7.36e-10	0.00107580093379521
c14o1-3	0.212	7.48e-10	0.00116661611330176
c14h28o11-12-2	0.212	7.36e-10	0.00107580093379521
c14h28o2-3-2	0.212	7.36e-10	0.00107580093379521
c14h28o1-4-2	0.212	7.36e-10	0.00107580093379521
c14h28o5-8-2	0.212	7.36e-10	0.00107580093379521
c14o2-3	0.212	7.48e-10	0.00116661611330176
c14h28o1-2-2	0.212	7.36e-10	0.00107580093379521
c14h28o12-13-2	0.212	7.36e-10	0.00107580093379521
c14o4-6	0.212	7.48e-10	0.00116661611330176
c14h28o10-13-2	0.212	7.36e-10	0.00107580093379521
ic13h27cho	0.212	7.35e-10	0.00107581250739621
c14h28o6-7-2	0.212	7.36e-10	0.00107580093379521
c14h29o-9-2	0.213	7.36e-10	0.00107580093379521
c14h29o-10-2	0.213	7.36e-10	0.00107580093379521
c14h29o-8-2	0.213	7.36e-10	0.00107580093379521
c14h29o-6-2	0.213	7.36e-10	0.00107580093379521
c14h29o-2-2	0.213	7.36e-10	0.00107580093379521
c13ooh2-3	0.215	7.27e-10	0.00120989207762668
c13ooh9-2k	0.215	7.24e-10	0.00113428840416964
c13h27o2-7	0.215	7.27e-10	0.00120989207762668
c13ooh3-4	0.215	7.27e-10	0.00120989207762668
c13h27oo-10-2	0.215	7.24e-10	0.00113428840416964
c13h27o2-4	0.215	7.27e-10	0.00120989207762668
c13ooh4-3	0.215	7.27e-10	0.00120989207762668
c13ooh7-2i	0.215	7.24e-10	0.00113428840416964
c13ooh6-2h	0.215	7.24e-10	0.00113428840416964
c13ooh1-4	0.215	7.27e-10	0.00120989207762668
c13ooh5-2h	0.215	7.24e-10	0.00113428840416964
c13ooh6-3	0.215	7.27e-10	0.00120989207762668
c13ooh4-2h	0.215	7.24e-10	0.00113428840416964
c13h27oo-2-2	0.215	7.24e-10	0.00113428840416964
c13ooh7-2k	0.215	7.24e-10	0.00113428840416964
c13h27o2-1	0.215	7.27e-10	0.00120989207762668
c13ooh5-7	0.215	7.27e-10	0.00120989207762668
c13ooh7-2c	0.215	7.24e-10	0.00113428840416964
c13ooh6-2g	0.215	7.24e-10	0.00113428840416964
c13ooh1-2d	0.215	7.24e-10	0.00113428840416964
c13ooh7-5	0.215	7.27e-10	0.00120989207762668
c13ooh9-2j	0.215	7.24e-10	0.00113428840416964
c13ooh10-2i	0.215	7.24e-10	0.00113428840416964
c13h27oo-3-2	0.215	7.24e-10	0.00113428840416964
c13ooh2-5	0.215	7.27e-10	0.00120989207762668
c13ooh8-2d	0.215	7.24e-10	0.00113428840416964
c13ooh2-1	0.215	7.27e-10	0.00120989207762668
c13ooh12-2i	0.215	7.24e-10	0.00113428840416964
c13ooh9-2g	0.215	7.24e-10	0.00113428840416964
c13ooh7-2f	0.215	7.24e-10	0.00113428840416964
c13ooh3-2d	0.215	7.24e-10	0.00113428840416964
c13ooh1-2e	0.215	7.24e-10	0.00113428840416964
c13ooh4-2g	0.215	7.24e-10	0.00113428840416964
c13h27ooh-4-2	0.216	7.24e-10	0.00113428840416964
c13h27o2h-1	0.216	7.27e-10	0.00120989207762668
c13h27ooh-9-2	0.216	7.24e-10	0.00113428840416964
c13h27o2h-3	0.216	7.27e-10	0.00120989207762668
c13h27o2h-5	0.216	7.27e-10	0.00120989207762668
c13h27o2h-2	0.216	7.27e-10	0.00120989207762668
c12ket3-5-2	0.216	7.12e-10	0.00119935714457051
c12ket9-10-2	0.216	7.12e-10	0.00119935714457051
c12ket4-3	0.216	7.06e-10	0.0012671701556085
c12ket3-1-2	0.216	7.12e-10	0.00119935714457051
c12ket7-4-2	0.216	7.12e-10	0.00119935714457051
c12ket5-8	0.216	7.06e-10	0.0012671701556085
c12ket4-8-2	0.216	7.12e-10	0.00119935714457051
c12ket5-2	0.216	7.06e-10	0.0012671701556085
c12ket7-9-2	0.216	7.12e-10	0.00119935714457051
c12ket3-7-2	0.216	7.12e-10	0.00119935714457051
c12ket11-7-2	0.216	7.12e-10	0.00119935714457051
c12ket5-8-2	0.216	7.12e-10	0.00119935714457051
c12ket3-4-2	0.216	7.12e-10	0.00119935714457051
c12ket5-9-2	0.216	7.12e-10	0.00119935714457051
c12ket4-6-2	0.216	7.12e-10	0.00119935714457051
c12ket6-7	0.216	7.06e-10	0.0012671701556085
c12ket4-8	0.216	7.06e-10	0.0012671701556085
c12ket4-5	0.216	7.06e-10	0.0012671701556085
c12ket7-11-2	0.216	7.12e-10	0.00119935714457051
c12ket6-3-2	0.216	7.12e-10	0.00119935714457051
c12ket8-5-2	0.216	7.12e-10	0.00119935714457051
c12ket8-7-2	0.216	7.12e-10	0.00119935714457051
c12ket6-5	0.216	7.06e-10	0.0012671701556085
c12ket5-6-2	0.216	7.12e-10	0.00119935714457051
c12ket1-5	0.216	7.06e-10	0.0012671701556085
c12ket10-7-2	0.216	7.12e-10	0.00119935714457051
c11ooh6-2o2	0.219	6.8e-10	0.0013259082471493
c11ooh3-5o2	0.219	6.8e-10	0.0013259082471493
c11ooh6-5o2	0.219	6.8e-10	0.0013259082471493
c11ooh3-7o2	0.219	6.8e-10	0.0013259082471493
c11ooh3-4o2	0.219	6.8e-10	0.0013259082471493
c11ooh7-oo4-2	0.219	6.68e-10	0.00145747099632717
c11ooh8-oo7-2	0.219	6.68e-10	0.00145747099632717
c11ooh6oo10-2	0.219	6.68e-10	0.00145747099632717
c11ooh1-oo3-2	0.219	6.68e-10	0.00145747099632717
c11ooh6-oo2-2	0.219	6.68e-10	0.00145747099632717
c11ooh10oo8-2	0.219	6.68e-10	0.00145747099632717
c11ooh5-1o2	0.219	6.8e-10	0.0013259082471493
c11ooh5-oo2-2	0.219	6.68e-10	0.00145747099632717
c11ooh1-oo5-2	0.219	6.68e-10	0.00145747099632717
c11ooh2-3o2	0.219	6.8e-10	0.0013259082471493
c11ooh7-oo3-2	0.219	6.68e-10	0.00145747099632717
c11ooh3-oo1-2	0.219	6.68e-10	0.00145747099632717
c11ooh3-6o2	0.219	6.8e-10	0.0013259082471493
c11ooh10oo6-2	0.219	6.68e-10	0.00145747099632717
c11ooh5-3o2	0.219	6.8e-10	0.0013259082471493
c11ooh4-7o2	0.219	6.8e-10	0.0013259082471493
c11ooh6-oo8-2	0.219	6.68e-10	0.00145747099632717
c11ooh6-oo3-2	0.219	6.68e-10	0.00145747099632717
c16h31	0.223	7.7e-10	0.00105958019432701
c16h32-8	0.224	7.7e-10	0.00105958019432701
c16h32-9-2	0.224	7.56e-10	0.000974611373714731
c16h32-11-2	0.224	7.56e-10	0.000974611373714731
c16h32-14-2	0.224	7.56e-10	0.000974611373714731
c16h32-1-2	0.224	7.56e-10	0.000974611373714731
c16h32-4	0.224	7.7e-10	0.00105958019432701
nc12h25coc2h4p	0.225	7.46e-10	0.00102285047971688
c11coc3h6p	0.225	6.8e-10	0.0013259082471493
nc13h27coch2	0.225	7.56e-10	0.000974611373714731
c16h33-2c	0.225	7.56e-10	0.000974611373714731
c16h33-2i	0.225	7.56e-10	0.000974611373714731
c16h33-1	0.225	7.73e-10	0.00106505346568398
c16h33-2g	0.225	7.56e-10	0.000974611373714731
c16h33-5	0.225	7.73e-10	0.00106505346568398
c15h30o10-14-2	0.226	7.46e-10	0.00102285047971688
c15h30o9-12-2	0.226	7.46e-10	0.00102285047971688
c15o7-9	0.226	7.58e-10	0.00110513112380784
c15h30o1-3-2	0.226	7.46e-10	0.00102285047971688
c15h30o3-5-2	0.226	7.46e-10	0.00102285047971688
c15h30o7-10-2	0.226	7.46e-10	0.00102285047971688
c15h30o12-13-2	0.226	7.46e-10	0.00102285047971688
c15o6-7	0.226	7.58e-10	0.00110513112380784
c15o1-5	0.226	7.58e-10	0.00110513112380784
c15h30o5-7-2	0.226	7.46e-10	0.00102285047971688
c15h30o5-8-2	0.226	7.46e-10	0.00102285047971688
c15o6-10	0.226	7.58e-10	0.00110513112380784
c15h30o2-4-2	0.226	7.46e-10	0.00102285047971688
ic14h29cho	0.226	7.46e-10	0.00102285047971688
c15h30o2-5-2	0.226	7.46e-10	0.00102285047971688
c15o2-4	0.226	7.58e-10	0.00110513112380784
c15h30o3-7-2	0.226	7.46e-10	0.00102285047971688
c15o1-4	0.226	7.58e-10	0.00110513112380784
c15o2-3	0.226	7.58e-10	0.00110513112380784
nc16h34	0.226	7.73e-10	0.00106505346568398
c15h31o-4-2	0.227	7.46e-10	0.00102285047971688
c15h31o-8-2	0.227	7.46e-10	0.00102285047971688
c15h31o-6-2	0.227	7.46e-10	0.00102285047971688
c15h31o-7	0.227	7.58e-10	0.00110513112380784
c15h31o-4	0.227	7.58e-10	0.00110513112380784
c14ooh7-2f	0.229	7.36e-10	0.00107580093379521
c14ooh3-2b	0.229	7.36e-10	0.00107580093379521
c14ooh6-2d	0.229	7.36e-10	0.00107580093379521
c14ooh4-2h	0.229	7.36e-10	0.00107580093379521
c14ooh11-2j	0.229	7.36e-10	0.00107580093379521
c14ooh9-2e	0.229	7.36e-10	0.00107580093379521
c14ooh4-7	0.229	7.48e-10	0.00116661611330176
c14ooh6-2b	0.229	7.36e-10	0.00107580093379521
c14ooh7-2e	0.229	7.36e-10	0.00107580093379521
c14ooh4-5	0.229	7.48e-10	0.00116661611330176
c14ooh5-2g	0.229	7.36e-10	0.00107580093379521
c14ooh6-8	0.229	7.48e-10	0.00116661611330176
c14ooh13-2l	0.229	7.36e-10	0.00107580093379521
c14ooh5-4	0.229	7.48e-10	0.00116661611330176
c14ooh8-2j	0.229	7.36e-10	0.00107580093379521
c14ooh5-1	0.229	7.48e-10	0.00116661611330176
c14ooh10-2l	0.229	7.36e-10	0.00107580093379521
c14ooh4-2b	0.229	7.36e-10	0.00107580093379521
c14ooh11-2g	0.229	7.36e-10	0.00107580093379521
c14ooh6-2i	0.229	7.36e-10	0.00107580093379521
c14ooh6-2h	0.229	7.36e-10	0.00107580093379521
c14ooh4-2e	0.229	7.36e-10	0.00107580093379521
c14ooh7-6	0.229	7.48e-10	0.00116661611330176
c14h29oo-11-2	0.229	7.36e-10	0.00107580093379521
c14ooh4-2f	0.229	7.36e-10	0.00107580093379521
c14ooh6-2e	0.229	7.36e-10	0.00107580093379521
c14ooh2-2d	0.229	7.36e-10	0.00107580093379521
c14ooh10-2k	0.229	7.36e-10	0.00107580093379521
c14ooh6-7	0.229	7.48e-10	0.00116661611330176
c14ooh6-2c	0.229	7.36e-10	0.00107580093379521
c14ooh7-2c	0.229	7.36e-10	0.00107580093379521
c14h29oo-2-2	0.229	7.36e-10	0.00107580093379521
c14ooh10-2m	0.229	7.36e-10	0.00107580093379521
c14h29oo-3-2	0.229	7.36e-10	0.00107580093379521
c14ooh7-11	0.229	7.48e-10	0.00116661611330176
c14ooh1-2a	0.229	7.36e-10	0.00107580093379521
c14ooh4-2c	0.229	7.36e-10	0.00107580093379521
c13ket5-8-2	0.23	7.24e-10	0.00113428840416964
c13ket11-12-2	0.23	7.24e-10	0.00113428840416964
c13ket11-9-2	0.23	7.24e-10	0.00113428840416964
c13ket2-4	0.23	7.27e-10	0.00120989207762668
c13ket1-5-2	0.23	7.24e-10	0.00113428840416964
c13ket9-5-2	0.23	7.24e-10	0.00113428840416964
c13ket8-11-2	0.23	7.24e-10	0.00113428840416964
c13ket4-3-2	0.23	7.24e-10	0.00113428840416964
c13ket7-10-2	0.23	7.24e-10	0.00113428840416964
c13ket7-4	0.23	7.27e-10	0.00120989207762668
c13ket4-2-2	0.23	7.24e-10	0.00113428840416964
c13ket2-3	0.23	7.27e-10	0.00120989207762668
c13ket3-1-2	0.23	7.24e-10	0.00113428840416964
c13ket10-7-2	0.23	7.24e-10	0.00113428840416964
c13ket1-1-2	0.23	7.24e-10	0.00113428840416964
c13ket4-7-2	0.23	7.24e-10	0.00113428840416964
c13ket10-8-2	0.23	7.24e-10	0.00113428840416964
c13ket9-12-2	0.23	7.24e-10	0.00113428840416964
c13ket6-10	0.23	7.27e-10	0.00120989207762668
c13ket5-4	0.23	7.27e-10	0.00120989207762668
c13ket6-10-2	0.23	7.24e-10	0.00113428840416964
c13ket6-8-2	0.23	7.24e-10	0.00113428840416964
c13ket5-1	0.23	7.27e-10	0.00120989207762668
c13ket3-7-2	0.23	7.24e-10	0.00113428840416964
c13ket3-4	0.23	7.27e-10	0.00120989207762668
c13ket7-11-2	0.23	7.24e-10	0.00113428840416964
c13ket3-2-2	0.23	7.24e-10	0.00113428840416964
c13ket5-8	0.23	7.27e-10	0.00120989207762668
c14ooh3-2	0.23	7.48e-10	0.00116661611330176
c14ooh6-2	0.23	7.48e-10	0.00116661611330176
c14ooh1-2	0.23	7.48e-10	0.00116661611330176
c14h29ooh-7-2	0.23	7.36e-10	0.00107580093379521
c14h29ooh-10-2	0.23	7.36e-10	0.00107580093379521
c14h29o2h-7	0.23	7.48e-10	0.00116661611330176
c12ooh10oo9-2	0.233	7.12e-10	0.00119935714457051
c12ooh11oo10-2	0.233	7.12e-10	0.00119935714457051
c12ooh5-oo4-2	0.233	7.12e-10	0.00119935714457051
c12ooh6-oo5-2	0.233	7.12e-10	0.00119935714457051
c12ooh5-6o2	0.233	7.06e-10	0.0012671701556085
c12ooh8-oo5-2	0.233	7.12e-10	0.00119935714457051
c12ooh6-oo8-2	0.233	7.12e-10	0.00119935714457051
c12ooh9-oo8-2	0.233	7.12e-10	0.00119935714457051
c12ooh4-oo6-2	0.233	7.12e-10	0.00119935714457051
c12ooh1-oo5-2	0.233	7.12e-10	0.00119935714457051
c12ooh5-1o2	0.233	7.06e-10	0.0012671701556085
c12ooh4-oo8-2	0.233	7.12e-10	0.00119935714457051
c12ooh2-3o2	0.233	7.06e-10	0.0012671701556085
c12ooh5-oo2-2	0.233	7.12e-10	0.00119935714457051
c12ooh7oo11-2	0.233	7.12e-10	0.00119935714457051
c12ooh3-5o2	0.233	7.06e-10	0.0012671701556085
c12ooh1-oo3-2	0.233	7.12e-10	0.00119935714457051
c12ooh6-oo9-2	0.233	7.12e-10	0.00119935714457051
c12ooh7-oo6-2	0.233	7.12e-10	0.00119935714457051
c12ooh2-6o2	0.233	7.06e-10	0.0012671701556085
c12ooh6-5o2	0.233	7.06e-10	0.0012671701556085
c12ooh6-oo3-2	0.233	7.12e-10	0.00119935714457051
c12ooh8-oo4-2	0.233	7.12e-10	0.00119935714457051
c12ooh5-4o2	0.233	7.06e-10	0.0012671701556085
c12ooh4-8o2	0.233	7.06e-10	0.0012671701556085
c12ooh5-8o2	0.233	7.06e-10	0.0012671701556085
c12ooh3-oo4-2	0.233	7.12e-10	0.00119935714457051
c17h33-1-2	0.237	7.65e-10	0.00093042297028229
c17h34-13-2	0.238	7.65e-10	0.00093042297028229
c17h34-10-2	0.238	7.65e-10	0.00093042297028229
c17h34-14-2	0.238	7.65e-10	0.00093042297028229
c17h34-2	0.238	7.7e-10	0.00100332099248513
nc13h27coc2h4p	0.239	7.56e-10	0.000974611373714731
nc14h29coch2	0.239	7.64e-10	0.00093042297028229
c17h35-1	0.239	7.87e-10	0.00103430799623512
c17h35-2g	0.239	7.65e-10	0.00093042297028229
c17h35-2a	0.239	7.65e-10	0.00093042297028229
c17h35-2j	0.239	7.65e-10	0.00093042297028229
c17h35-2b	0.239	7.65e-10	0.00093042297028229
c16h32o1-5-2	0.24	7.56e-10	0.000974611373714731
c16h32o4-6-2	0.24	7.56e-10	0.000974611373714731
c16h32o9-11-2	0.24	7.56e-10	0.000974611373714731
c16h32o4-7-2	0.24	7.56e-10	0.000974611373714731
c16o6-7	0.24	7.73e-10	0.00106505346568398
c16o5-9	0.24	7.73e-10	0.00106505346568398
nc15h31cho	0.24	7.73e-10	0.00106505346568398
c16h32o7-9-2	0.24	7.56e-10	0.000974611373714731
c16h32o5-8-2	0.24	7.56e-10	0.000974611373714731
c16h32o12-15-2	0.24	7.56e-10	0.000974611373714731
c16h32o5-9-2	0.24	7.56e-10	0.000974611373714731
c16h32o6-8-2	0.24	7.56e-10	0.000974611373714731
c16h32o12-13-2	0.24	7.56e-10	0.000974611373714731
c16o6-10	0.24	7.73e-10	0.00106505346568398
c16o6-8	0.24	7.73e-10	0.00106505346568398
c16h32o4-5-2	0.24	7.56e-10	0.000974611373714731
c16o7-8	0.24	7.73e-10	0.00106505346568398
c16o4-5	0.24	7.73e-10	0.00106505346568398
c16h32o12-14-2	0.24	7.56e-10	0.000974611373714731
c16h32o7-8-2	0.24	7.56e-10	0.000974611373714731
nc17h36	0.24	7.87e-10	0.00103430799623512
c16h33o-10-2	0.241	7.56e-10	0.000974611373714731
c16h33o-1-2	0.241	7.56e-10	0.000974611373714731
c16h33o-3	0.241	7.73e-10	0.00106505346568398
c16h33o-8	0.241	7.73e-10	0.00106505346568398
c16h33o-8-2	0.241	7.56e-10	0.000974611373714731
c15ooh5-2g	0.243	7.46e-10	0.00102285047971688
c15ooh14-2m	0.243	7.46e-10	0.00102285047971688
c15ooh6-2g	0.243	7.46e-10	0.00102285047971688
c15h31oo-14-2	0.243	7.46e-10	0.00102285047971688
c15ooh10-2n	0.243	7.46e-10	0.00102285047971688
c15ooh12-2k	0.243	7.46e-10	0.00102285047971688
c15ooh1-4	0.243	7.58e-10	0.00110513112380784
c15h31oo-1-2	0.243	7.46e-10	0.00102285047971688
c15ooh6-2e	0.243	7.46e-10	0.00102285047971688
c15ooh12-2j	0.243	7.46e-10	0.00102285047971688
c15ooh11-2j	0.243	7.46e-10	0.00102285047971688
c15ooh11-2i	0.243	7.46e-10	0.00102285047971688
c15h31o2-4	0.243	7.58e-10	0.00110513112380784
c15ooh9-2k	0.243	7.46e-10	0.00102285047971688
c15ooh11-2h	0.243	7.46e-10	0.00102285047971688
c15ooh10-2i	0.243	7.46e-10	0.00102285047971688
c15ooh4-8	0.243	7.58e-10	0.00110513112380784
c15ooh11-2g	0.243	7.46e-10	0.00102285047971688
c15ooh3-2f	0.243	7.46e-10	0.00102285047971688
c15ooh7-8	0.243	7.58e-10	0.00110513112380784
c15h31o2-2	0.243	7.58e-10	0.00110513112380784
c15ooh7-2i	0.243	7.46e-10	0.00102285047971688
c15h31oo-12-2	0.243	7.46e-10	0.00102285047971688
c15ooh4-2a	0.243	7.46e-10	0.00102285047971688
c15h31oo-13-2	0.243	7.46e-10	0.00102285047971688
c15ooh9-2f	0.243	7.46e-10	0.00102285047971688
c15ooh6-8	0.243	7.58e-10	0.00110513112380784
c15ooh4-3	0.243	7.58e-10	0.00110513112380784
c15ooh13-2i	0.243	7.46e-10	0.00102285047971688
c15ooh1-2c	0.243	7.46e-10	0.00102285047971688
c15ooh8-6	0.243	7.58e-10	0.00110513112380784
c15h31oo-11-2	0.243	7.46e-10	0.00102285047971688
c15ooh3-2d	0.243	7.46e-10	0.00102285047971688
c15h31oo-2-2	0.243	7.46e-10	0.00102285047971688
c15ooh5-2a	0.243	7.46e-10	0.00102285047971688
c15ooh6-2i	0.243	7.46e-10	0.00102285047971688
c15ooh6-3	0.243	7.58e-10	0.00110513112380784
c15ooh14-2j	0.243	7.46e-10	0.00102285047971688
c15ooh3-2g	0.243	7.46e-10	0.00102285047971688
c15h31oo-10-2	0.243	7.46e-10	0.00102285047971688
c15h31ooh-5-2	0.244	7.46e-10	0.00102285047971688
c14ket2-5	0.244	7.48e-10	0.00116661611330176
c14ket5-7-2	0.244	7.36e-10	0.00107580093379521
c15h31ooh-1-2	0.244	7.46e-10	0.00102285047971688
c14ket1-3	0.244	7.48e-10	0.00116661611330176
c15h31ooh-9-2	0.244	7.46e-10	0.00102285047971688
c14ket2-1	0.244	7.48e-10	0.00116661611330176
c14ket8-7-2	0.244	7.36e-10	0.00107580093379521
c14ket7-10	0.244	7.48e-10	0.00116661611330176
c14ket5-4-2	0.244	7.36e-10	0.00107580093379521
c14ket1-2	0.244	7.48e-10	0.00116661611330176
c14ket4-2-2	0.244	7.36e-10	0.00107580093379521
c14ket8-12-2	0.244	7.36e-10	0.00107580093379521
c14ket1-4	0.244	7.48e-10	0.00116661611330176
c15h31ooh-12-2	0.244	7.46e-10	0.00102285047971688
c14ket7-6	0.244	7.48e-10	0.00116661611330176
c14ket4-1	0.244	7.48e-10	0.00116661611330176
c15ooh5-2	0.244	7.58e-10	0.00110513112380784
c14ket7-9	0.244	7.48e-10	0.00116661611330176
c14ket12-10-2	0.244	7.36e-10	0.00107580093379521
c14ket3-1-2	0.244	7.36e-10	0.00107580093379521
c14ket3-4	0.244	7.48e-10	0.00116661611330176
c14ket12-9-2	0.244	7.36e-10	0.00107580093379521
c15h31ooh-3-2	0.244	7.46e-10	0.00102285047971688
c14ket9-13-2	0.244	7.36e-10	0.00107580093379521
c14ket6-10	0.244	7.48e-10	0.00116661611330176
c15h31ooh-10-2	0.244	7.46e-10	0.00102285047971688
c14ket10-6-2	0.244	7.36e-10	0.00107580093379521
c14ket1-3-2	0.244	7.36e-10	0.00107580093379521
c14ket10-7-2	0.244	7.36e-10	0.00107580093379521
c14ket11-9-2	0.244	7.36e-10	0.00107580093379521
c14ket4-3	0.244	7.48e-10	0.00116661611330176
c14ket1-1-2	0.244	7.36e-10	0.00107580093379521
c14ket5-8	0.244	7.48e-10	0.00116661611330176
c15h31ooh-8-2	0.244	7.46e-10	0.00102285047971688
c14ket6-4	0.244	7.48e-10	0.00116661611330176
c15ooh3-2	0.244	7.58e-10	0.00110513112380784
c14ket7-6-2	0.244	7.36e-10	0.00107580093379521
c14ket6-4-2	0.244	7.36e-10	0.00107580093379521
c13ooh5-oo7-2	0.247	7.24e-10	0.00113428840416964
c13ooh2-4o2	0.247	7.27e-10	0.00120989207762668
c13ooh4-7o2	0.247	7.27e-10	0.00120989207762668
c13ooh4-1o2	0.247	7.27e-10	0.00120989207762668
c13ooh10oo7-2	0.247	7.24e-10	0.00113428840416964
c13ooh5-oo4-2	0.247	7.24e-10	0.00113428840416964
c13ooh6-oo5-2	0.247	7.24e-10	0.00113428840416964
c13ooh1-3o2	0.247	7.27e-10	0.00120989207762668
c13ooh2-oo3-2	0.247	7.24e-10	0.00113428840416964
c13ooh8-oo9-2	0.247	7.24e-10	0.00113428840416964
c13ooh9oo11-2	0.247	7.24e-10	0.00113428840416964
c13ooh9-oo8-2	0.247	7.24e-10	0.00113428840416964
c13ooh5-6o2	0.247	7.27e-10	0.00120989207762668
c13ooh5-3o2	0.247	7.27e-10	0.00120989207762668
c13ooh6-4o2	0.247	7.27e-10	0.00120989207762668
c13ooh8-oo5-2	0.247	7.24e-10	0.00113428840416964
c13ooh6-oo3-2	0.247	7.24e-10	0.00113428840416964
c13ooh2-oo1-2	0.247	7.24e-10	0.00113428840416964
c13ooh6-9o2	0.247	7.27e-10	0.00120989207762668
c13ooh5-oo8-2	0.247	7.24e-10	0.00113428840416964
c13ooh4-oo5-2	0.247	7.24e-10	0.00113428840416964
c13ooh4-6o2	0.247	7.27e-10	0.00120989207762668
c13ooh3-2o2	0.247	7.27e-10	0.00120989207762668
c13ooh10oo11-2	0.247	7.24e-10	0.00113428840416964
c13ooh7oo10-2	0.247	7.24e-10	0.00113428840416964
c13ooh6-oo9-2	0.247	7.24e-10	0.00113428840416964
c13ooh5-oo2-2	0.247	7.24e-10	0.00113428840416964
c13ooh9-oo6-2	0.247	7.24e-10	0.00113428840416964
c13ooh7-oo5-2	0.247	7.24e-10	0.00113428840416964
c18h35-1-2	0.251	7.72e-10	0.000889750958706658
nc14h29coc2h3	0.252	7.72e-10	0.000889758875344782
c18h36-14-2	0.252	7.72e-10	0.000889750958706658
c18h36-2-2	0.252	7.72e-10	0.000889750958706658
c18h36-15-2	0.252	7.72e-10	0.000889750958706658
c18h36-7-2	0.252	7.72e-10	0.000889750958706658
c18h37-2a	0.253	7.72e-10	0.000889750958706658
c18h37-2i	0.253	7.72e-10	0.000889750958706658
c18h37-2j	0.253	7.72e-10	0.000889750958706658
c18h37-2b	0.253	7.72e-10	0.000889750958706658
ic16h33co	0.253	7.64e-10	0.00093042297028229
c18h37-2q	0.253	7.72e-10	0.000889750958706658
c17h34o15-16-2	0.254	7.65e-10	0.00093042297028229
c17h34o2-5-2	0.254	7.65e-10	0.00093042297028229
c17h34o4-6-2	0.254	7.65e-10	0.00093042297028229
c17h34o7-9-2	0.254	7.65e-10	0.00093042297028229
c17h34o2-3-2	0.254	7.65e-10	0.00093042297028229
c17h34o14-16-2	0.254	7.65e-10	0.00093042297028229
c18h38-2	0.254	7.72e-10	0.000889750958706658
c17h34o3-7-2	0.254	7.65e-10	0.00093042297028229
c17h34o10-14-2	0.254	7.65e-10	0.00093042297028229
c17h34o9-13-2	0.254	7.65e-10	0.00093042297028229
c17h34o10-12-2	0.254	7.65e-10	0.00093042297028229
c17h34o7-10-2	0.254	7.65e-10	0.00093042297028229
c17h34o12-15-2	0.254	7.65e-10	0.00093042297028229
c17h34o4-7-2	0.254	7.65e-10	0.00093042297028229
c17h34o6-10-2	0.254	7.65e-10	0.00093042297028229
c17h35o-12-2	0.255	7.65e-10	0.00093042297028229
c17h35o-3-2	0.255	7.65e-10	0.00093042297028229
c17h35o-6-2	0.255	7.65e-10	0.00093042297028229
c17h35o-15-2	0.255	7.65e-10	0.00093042297028229
c16ooh6-2g	0.257	7.56e-10	0.000974611373714731
c16ooh6-4	0.257	7.73e-10	0.00106505346568398
c16ooh7-2h	0.257	7.56e-10	0.000974611373714731
c16ooh6-2c	0.257	7.56e-10	0.000974611373714731
c16ooh1-3	0.257	7.73e-10	0.00106505346568398
c16ooh3-2f	0.257	7.56e-10	0.000974611373714731
c16ooh7-5	0.257	7.73e-10	0.00106505346568398
c16ooh15-2n	0.257	7.56e-10	0.000974611373714731
c16ooh12-2o	0.257	7.56e-10	0.000974611373714731
c16ooh4-2f	0.257	7.56e-10	0.000974611373714731
c16h33o2-7	0.257	7.73e-10	0.00106505346568398
c16ooh11-2i	0.257	7.56e-10	0.000974611373714731
c16ooh3-1	0.257	7.73e-10	0.00106505346568398
c16h33o2-4	0.257	7.73e-10	0.00106505346568398
c16ooh2-2a	0.257	7.56e-10	0.000974611373714731
c16ooh6-10	0.257	7.73e-10	0.00106505346568398
c16ooh11-2o	0.257	7.56e-10	0.000974611373714731
c16ooh5-8	0.257	7.73e-10	0.00106505346568398
c16ooh12-2n	0.257	7.56e-10	0.000974611373714731
c16ooh2-3	0.257	7.73e-10	0.00106505346568398
c16h33o2-8	0.257	7.73e-10	0.00106505346568398
c16ooh7-8	0.257	7.73e-10	0.00106505346568398
c16h33oo-10-2	0.257	7.56e-10	0.000974611373714731
c16ooh8-2j	0.257	7.56e-10	0.000974611373714731
c16ooh10-2h	0.257	7.56e-10	0.000974611373714731
c16h33oo-3-2	0.257	7.56e-10	0.000974611373714731
c16ooh9-2f	0.257	7.56e-10	0.000974611373714731
c16ooh12-2k	0.257	7.56e-10	0.000974611373714731
c16ooh2-1	0.257	7.73e-10	0.00106505346568398
c16ooh6-5	0.257	7.73e-10	0.00106505346568398
c16ooh4-1	0.257	7.73e-10	0.00106505346568398
c16ooh11-2g	0.257	7.56e-10	0.000974611373714731
c16ooh13-2i	0.257	7.56e-10	0.000974611373714731
c16ooh9-2h	0.257	7.56e-10	0.000974611373714731
c16ooh7-11	0.257	7.73e-10	0.00106505346568398
c16ooh9-2g	0.257	7.56e-10	0.000974611373714731
c16ooh4-7	0.257	7.73e-10	0.00106505346568398
c16ooh5-9	0.257	7.73e-10	0.00106505346568398
c16ooh5-2b	0.257	7.56e-10	0.000974611373714731
c16ooh8-2f	0.257	7.56e-10	0.000974611373714731
c16ooh7-6	0.257	7.73e-10	0.00106505346568398
c16ooh3-2b	0.257	7.56e-10	0.000974611373714731
c16ooh10-2i	0.257	7.56e-10	0.000974611373714731
c15ket3-7-2	0.258	7.46e-10	0.00102285047971688
c15ket9-7-2	0.258	7.46e-10	0.00102285047971688
c15ket5-2-2	0.258	7.46e-10	0.00102285047971688
c16h33o2h-4	0.258	7.73e-10	0.00106505346568398
c15ket8-4	0.258	7.58e-10	0.00110513112380784
c15ket4-1	0.258	7.58e-10	0.00110513112380784
c15ket3-6-2	0.258	7.46e-10	0.00102285047971688
c15ket4-3-2	0.258	7.46e-10	0.00102285047971688
c15ket6-3-2	0.258	7.46e-10	0.00102285047971688
c15ket11-13-2	0.258	7.46e-10	0.00102285047971688
c15ket6-8-2	0.258	7.46e-10	0.00102285047971688
c15ket1-4	0.258	7.58e-10	0.00110513112380784
c15ket14-12-2	0.258	7.46e-10	0.00102285047971688
c15ket6-10-2	0.258	7.46e-10	0.00102285047971688
c15ket11-10-2	0.258	7.46e-10	0.00102285047971688
c15ket3-6	0.258	7.58e-10	0.00110513112380784
c15ket5-3	0.258	7.58e-10	0.00110513112380784
c15ket7-6-2	0.258	7.46e-10	0.00102285047971688
c15ket12-8-2	0.258	7.46e-10	0.00102285047971688
c15ket5-4	0.258	7.58e-10	0.00110513112380784
c15ket6-9	0.258	7.58e-10	0.00110513112380784
c15ket3-1	0.258	7.58e-10	0.00110513112380784
c15ket8-11-2	0.258	7.46e-10	0.00102285047971688
c15ket3-1-2	0.258	7.46e-10	0.00102285047971688
c15ket10-14-2	0.258	7.46e-10	0.00102285047971688
c15ket3-2	0.258	7.58e-10	0.00110513112380784
c15ket8-12-2	0.258	7.46e-10	0.00102285047971688
c16h33o2h-1	0.258	7.73e-10	0.00106505346568398
c15ket11-14-2	0.258	7.46e-10	0.00102285047971688
c15ket1-1-2	0.258	7.46e-10	0.00102285047971688
c15ket9-6-2	0.258	7.46e-10	0.00102285047971688
c15ket7-10-2	0.258	7.46e-10	0.00102285047971688
c16h33o2h-2	0.258	7.73e-10	0.00106505346568398
c15ket7-5-2	0.258	7.46e-10	0.00102285047971688
c15ket2-3	0.258	7.58e-10	0.00110513112380784
c15ket10-9-2	0.258	7.46e-10	0.00102285047971688
c15ket6-7	0.258	7.58e-10	0.00110513112380784
c16h33o2h-6	0.258	7.73e-10	0.00106505346568398
c15ket7-4	0.258	7.58e-10	0.00110513112380784
c15ket7-8	0.258	7.58e-10	0.00110513112380784
c16h33ooh-7-2	0.258	7.56e-10	0.000974611373714731
c15ket5-6-2	0.258	7.46e-10	0.00102285047971688
c14ooh9oo10-2	0.261	7.36e-10	0.00107580093379521
c14ooh3-7o2	0.261	7.48e-10	0.00116661611330176
c14ooh3-oo7-2	0.261	7.36e-10	0.00107580093379521
c14ooh5-oo2-2	0.261	7.36e-10	0.00107580093379521
c14ooh4-6o2	0.261	7.48e-10	0.00116661611330176
c14ooh12oo13-2	0.261	7.36e-10	0.00107580093379521
c14ooh7-oo9-2	0.261	7.36e-10	0.00107580093379521
c14ooh2-6o2	0.261	7.48e-10	0.00116661611330176
c14ooh8oo11-2	0.261	7.36e-10	0.00107580093379521
c14ooh2-1o2	0.261	7.48e-10	0.00116661611330176
c14ooh1-5o2	0.261	7.48e-10	0.00116661611330176
c14ooh4-8o2	0.261	7.48e-10	0.00116661611330176
c14ooh4-oo1-2	0.261	7.36e-10	0.00107580093379521
c14ooh9oo12-2	0.261	7.36e-10	0.00107580093379521
c14ooh5-6o2	0.261	7.48e-10	0.00116661611330176
c14ooh4-oo8-2	0.261	7.36e-10	0.00107580093379521
c14ooh3-2o2	0.261	7.48e-10	0.00116661611330176
c14ooh1-oo4-2	0.261	7.36e-10	0.00107580093379521
c14ooh3-oo4-2	0.261	7.36e-10	0.00107580093379521
c14ooh4-5o2	0.261	7.48e-10	0.00116661611330176
c14ooh4-oo2-2	0.261	7.36e-10	0.00107580093379521
c14ooh2-5o2	0.261	7.48e-10	0.00116661611330176
c14ooh2-oo1-2	0.261	7.36e-10	0.00107580093379521
c14ooh5-oo7-2	0.261	7.36e-10	0.00107580093379521
c14ooh1-oo2-2	0.261	7.36e-10	0.00107580093379521
c14ooh11oo8-2	0.261	7.36e-10	0.00107580093379521
c14ooh4-1o2	0.261	7.48e-10	0.00116661611330176
c14ooh4-3o2	0.261	7.48e-10	0.00116661611330176
c14ooh8-oo5-2	0.261	7.36e-10	0.00107580093379521
c14ooh7-oo6-2	0.261	7.36e-10	0.00107580093379521
c14ooh4-oo7-2	0.261	7.36e-10	0.00107580093379521
c14ooh9-oo5-2	0.261	7.36e-10	0.00107580093379521
c19h37-1-2	0.265	7.79e-10	0.000852158944686363
c19h38-10-2	0.266	7.79e-10	0.000852158944686363
c19h38-13-2	0.266	7.79e-10	0.000852158944686363
c19h38-12-2	0.266	7.79e-10	0.000852158944686363
c19h38-7-2	0.266	7.79e-10	0.000852158944686363
c19h38-3-2	0.266	7.79e-10	0.000852158944686363
c19h39-2i	0.267	7.79e-10	0.000852158944686363
ic15h31coc2h4p	0.267	7.72e-10	0.000889758875344782
c19h39-2o	0.267	7.79e-10	0.000852158944686363
nc15h31coc2h4p	0.267	7.72e-10	0.000889758875344782
c19h39-2q	0.267	7.79e-10	0.000852158944686363
c19h39-2h	0.267	7.79e-10	0.000852158944686363
c18h36o7-11-2	0.268	7.72e-10	0.000889750958706658
c18h36o2-5-2	0.268	7.72e-10	0.000889750958706658
c18h36o2-4-2	0.268	7.72e-10	0.000889750958706658
c18h36o15-17-2	0.268	7.72e-10	0.000889750958706658
c18h36o14-16-2	0.268	7.72e-10	0.000889750958706658
c18h36o12-14-2	0.268	7.72e-10	0.000889750958706658
c18h36o3-6-2	0.268	7.72e-10	0.000889750958706658
c18h36o6-10-2	0.268	7.72e-10	0.000889750958706658
c18h36o8-12-2	0.268	7.72e-10	0.000889750958706658
c18h36o16-17-2	0.268	7.72e-10	0.000889750958706658
c18h36o10-13-2	0.268	7.72e-10	0.000889750958706658
c18h36o5-8-2	0.268	7.72e-10	0.000889750958706658
c18h36o12-16-2	0.268	7.72e-10	0.000889750958706658
c18h36o1-1-2	0.268	7.72e-10	0.000889750958706658
c18h36o6-7-2	0.268	7.72e-10	0.000889750958706658
c18h37o-5-2	0.269	7.72e-10	0.000889750958706658
c18h37o-2-2	0.269	7.72e-10	0.000889750958706658
c18h37o-9-2	0.269	7.72e-10	0.000889750958706658
c18h37o-4-2	0.269	7.72e-10	0.000889750958706658
c17ooh3-2g	0.271	7.65e-10	0.00093042297028229
c17ooh12-2p	0.271	7.65e-10	0.00093042297028229
c17ooh9-2j	0.271	7.65e-10	0.00093042297028229
c17ooh10-2n	0.271	7.65e-10	0.00093042297028229
c17ooh13-2k	0.271	7.65e-10	0.00093042297028229
c17ooh13-2p	0.271	7.65e-10	0.00093042297028229
c17ooh3-2b	0.271	7.65e-10	0.00093042297028229
c17ooh13-2o	0.271	7.65e-10	0.00093042297028229
c17ooh4-2h	0.271	7.65e-10	0.00093042297028229
c17ooh11-2g	0.271	7.65e-10	0.00093042297028229
c17ooh10-2h	0.271	7.65e-10	0.00093042297028229
c17ooh3-2f	0.271	7.65e-10	0.00093042297028229
c17ooh5-2a	0.271	7.65e-10	0.00093042297028229
c17ooh14-2p	0.271	7.65e-10	0.00093042297028229
c17h35oo-11-2	0.271	7.65e-10	0.00093042297028229
c17h35oo-9-2	0.271	7.65e-10	0.00093042297028229
c17ooh5-2h	0.271	7.65e-10	0.00093042297028229
c17h35oo-2-2	0.271	7.65e-10	0.00093042297028229
c17ooh8-2e	0.271	7.65e-10	0.00093042297028229
c17ooh10-2g	0.271	7.65e-10	0.00093042297028229
c17ooh11-2o	0.271	7.65e-10	0.00093042297028229
c17ooh9-2f	0.271	7.65e-10	0.00093042297028229
c17ooh10-2l	0.271	7.65e-10	0.00093042297028229
c17ooh14-2l	0.271	7.65e-10	0.00093042297028229
c17ooh1-2d	0.271	7.65e-10	0.00093042297028229
c17ooh15-2k	0.271	7.65e-10	0.00093042297028229
c17ooh14-2k	0.271	7.65e-10	0.00093042297028229
c17ooh13-2i	0.271	7.65e-10	0.00093042297028229
c17ooh16-2m	0.271	7.65e-10	0.00093042297028229
c17ooh7-2f	0.271	7.65e-10	0.00093042297028229
c17ooh2-2d	0.271	7.65e-10	0.00093042297028229
c16ket6-4	0.272	7.73e-10	0.00106505346568398
c17h35ooh-16-2	0.272	7.65e-10	0.00093042297028229
c16ket3-7-2	0.272	7.56e-10	0.000974611373714731
c16ket7-11	0.272	7.73e-10	0.00106505346568398
c16ket3-6	0.272	7.73e-10	0.00106505346568398
c16ket13-15-2	0.272	7.56e-10	0.000974611373714731
c16ket7-5-2	0.272	7.56e-10	0.000974611373714731
c16ket1-2	0.272	7.73e-10	0.00106505346568398
c16ket10-7-2	0.272	7.56e-10	0.000974611373714731
c16ket14-10-2	0.272	7.56e-10	0.000974611373714731
c16ket10-13-2	0.272	7.56e-10	0.000974611373714731
c16ket13-11-2	0.272	7.56e-10	0.000974611373714731
c16ket6-10	0.272	7.73e-10	0.00106505346568398
c17h35ooh-13-2	0.272	7.65e-10	0.00093042297028229
c16ket6-4-2	0.272	7.56e-10	0.000974611373714731
c16ket6-7-2	0.272	7.56e-10	0.000974611373714731
c16ket7-10	0.272	7.73e-10	0.00106505346568398
c16ket4-8-2	0.272	7.56e-10	0.000974611373714731
c16ket5-7-2	0.272	7.56e-10	0.000974611373714731
c16ket4-6	0.272	7.73e-10	0.00106505346568398
c17h35ooh-1-2	0.272	7.65e-10	0.00093042297028229
c16ket14-13-2	0.272	7.56e-10	0.000974611373714731
c16ket9-5-2	0.272	7.56e-10	0.000974611373714731
c16ket10-8-2	0.272	7.56e-10	0.000974611373714731
c16ket5-1-2	0.272	7.56e-10	0.000974611373714731
c16ket7-10-2	0.272	7.56e-10	0.000974611373714731
c16ket5-3	0.272	7.73e-10	0.00106505346568398
c16ket5-7	0.272	7.73e-10	0.00106505346568398
c16ket12-15-2	0.272	7.56e-10	0.000974611373714731
c16ket15-12-2	0.272	7.56e-10	0.000974611373714731
c16ket1-2-2	0.272	7.56e-10	0.000974611373714731
c16ket11-9-2	0.272	7.56e-10	0.000974611373714731
c16ket8-6-2	0.272	7.56e-10	0.000974611373714731
c16ket6-7	0.272	7.73e-10	0.00106505346568398
c16ket7-8	0.272	7.73e-10	0.00106505346568398
c16ket8-7-2	0.272	7.56e-10	0.000974611373714731
c16ket4-1	0.272	7.73e-10	0.00106505346568398
c16ket13-10-2	0.272	7.56e-10	0.000974611373714731
c16ket8-9-2	0.272	7.56e-10	0.000974611373714731
c16ket1-1-2	0.272	7.56e-10	0.000974611373714731
c17h35ooh-15-2	0.272	7.65e-10	0.00093042297028229
c17h35ooh-14-2	0.272	7.65e-10	0.00093042297028229
c15ooh13oo12-2	0.275	7.46e-10	0.00102285047971688
c15ooh8-4o2	0.275	7.58e-10	0.00110513112380784
c15ooh7oo10-2	0.275	7.46e-10	0.00102285047971688
c15ooh3-oo5-2	0.275	7.46e-10	0.00102285047971688
c15ooh5-6o2	0.275	7.58e-10	0.00110513112380784
c15ooh11oo9-2	0.275	7.46e-10	0.00102285047971688
c15ooh8-oo9-2	0.275	7.46e-10	0.00102285047971688
c15ooh4-5o2	0.275	7.58e-10	0.00110513112380784
c15ooh1-5o2	0.275	7.58e-10	0.00110513112380784
c15ooh6-oo4-2	0.275	7.46e-10	0.00102285047971688
c15ooh10oo12-2	0.275	7.46e-10	0.00102285047971688
c15ooh14oo12-2	0.275	7.46e-10	0.00102285047971688
c15ooh10oo11-2	0.275	7.46e-10	0.00102285047971688
c15ooh2-3o2	0.275	7.58e-10	0.00110513112380784
c15ooh9oo10-2	0.275	7.46e-10	0.00102285047971688
c15ooh5-9o2	0.275	7.58e-10	0.00110513112380784
c15ooh1-3o2	0.275	7.58e-10	0.00110513112380784
c15ooh6-7o2	0.275	7.58e-10	0.00110513112380784
c15ooh1-oo2-2	0.275	7.46e-10	0.00102285047971688
c15ooh3-oo6-2	0.275	7.46e-10	0.00102285047971688
c15ooh3-oo2-2	0.275	7.46e-10	0.00102285047971688
c15ooh13oo9-2	0.275	7.46e-10	0.00102285047971688
c15ooh3-oo7-2	0.275	7.46e-10	0.00102285047971688
c15ooh6-oo2-2	0.275	7.46e-10	0.00102285047971688
c15ooh4-oo7-2	0.275	7.46e-10	0.00102285047971688
c15ooh8-oo6-2	0.275	7.46e-10	0.00102285047971688
c15ooh7-oo8-2	0.275	7.46e-10	0.00102285047971688
c15ooh5-oo3-2	0.275	7.46e-10	0.00102285047971688
c15ooh3-4o2	0.275	7.58e-10	0.00110513112380784
c15ooh7-oo9-2	0.275	7.46e-10	0.00102285047971688
c15ooh1-oo3-2	0.275	7.46e-10	0.00102285047971688
c15ooh12oo10-2	0.275	7.46e-10	0.00102285047971688
c15ooh7-oo5-2	0.275	7.46e-10	0.00102285047971688
c15ooh13oo14-2	0.275	7.46e-10	0.00102285047971688
c15ooh10oo13-2	0.275	7.46e-10	0.00102285047971688
c15ooh5-oo7-2	0.275	7.46e-10	0.00102285047971688
c20h40-11-2	0.28	7.86e-10	0.00081727390117524
c20h40-3-2	0.28	7.86e-10	0.00081727390117524
c20h40-7-2	0.28	7.86e-10	0.00081727390117524
c20h40-6-2	0.28	7.86e-10	0.00081727390117524
c20h41-2i	0.281	7.86e-10	0.00081727390117524
c20h41-2e	0.281	7.86e-10	0.00081727390117524
c20h41-2a	0.281	7.86e-10	0.00081727390117524
c20h41-2b	0.281	7.86e-10	0.00081727390117524
c20h41-2n	0.281	7.86e-10	0.00081727390117524
nc16h33coc2h4p	0.281	7.79e-10	0.000852158944686363
c20h42-2	0.282	7.86e-10	0.00081727390117524
c19h38o6-9-2	0.282	7.79e-10	0.000852158944686363
c19h38o1-1-2	0.282	7.79e-10	0.000852158944686363
c19h38o5-7-2	0.282	7.79e-10	0.000852158944686363
c19h38o10-11-2	0.282	7.79e-10	0.000852158944686363
c19h38o1-4-2	0.282	7.79e-10	0.000852158944686363
c19h38o9-13-2	0.282	7.79e-10	0.000852158944686363
c19h38o11-13-2	0.282	7.79e-10	0.000852158944686363
c19h38o4-7-2	0.282	7.79e-10	0.000852158944686363
c19h38o7-9-2	0.282	7.79e-10	0.000852158944686363
c19h38o15-18-2	0.282	7.79e-10	0.000852158944686363
c19h38o5-9-2	0.282	7.79e-10	0.000852158944686363
c19h38o13-14-2	0.282	7.79e-10	0.000852158944686363
c19h38o9-10-2	0.282	7.79e-10	0.000852158944686363
c19h38o7-11-2	0.282	7.79e-10	0.000852158944686363
c19h38o2-6-2	0.282	7.79e-10	0.000852158944686363
ic18h37cho	0.282	7.79e-10	0.000852158944686363
c19h39o-1-2	0.283	7.79e-10	0.000852158944686363
c19h39o-14-2	0.283	7.79e-10	0.000852158944686363
c19h39o-8-2	0.283	7.79e-10	0.000852158944686363
c19h39o-2-2	0.283	7.79e-10	0.000852158944686363
c18ooh16-2m	0.285	7.72e-10	0.000889750958706658
c18ooh10-2f	0.285	7.72e-10	0.000889750958706658
c18h37oo-12-2	0.285	7.72e-10	0.000889750958706658
c18ooh5-2h	0.285	7.72e-10	0.000889750958706658
c18ooh12-2n	0.285	7.72e-10	0.000889750958706658
c18ooh1-2e	0.285	7.72e-10	0.000889750958706658
c18ooh8-2l	0.285	7.72e-10	0.000889750958706658
c18ooh5-2g	0.285	7.72e-10	0.000889750958706658
c18ooh10-2l	0.285	7.72e-10	0.000889750958706658
c18ooh4-2c	0.285	7.72e-10	0.000889750958706658
c18ooh10-2g	0.285	7.72e-10	0.000889750958706658
c18ooh9-2k	0.285	7.72e-10	0.000889750958706658
c18h37oo-14-2	0.285	7.72e-10	0.000889750958706658
c18ooh1-2b	0.285	7.72e-10	0.000889750958706658
c18h37oo-15-2	0.285	7.72e-10	0.000889750958706658
c18ooh7-2d	0.285	7.72e-10	0.000889750958706658
c18ooh16-2n	0.285	7.72e-10	0.000889750958706658
c18ooh14-2p	0.285	7.72e-10	0.000889750958706658
c18ooh7-2f	0.285	7.72e-10	0.000889750958706658
c18ooh16-2o	0.285	7.72e-10	0.000889750958706658
c18ooh6-2e	0.285	7.72e-10	0.000889750958706658
c18ooh9-2f	0.285	7.72e-10	0.000889750958706658
c18ooh13-2q	0.285	7.72e-10	0.000889750958706658
c18h37oo-10-2	0.285	7.72e-10	0.000889750958706658
c18ooh10-2m	0.285	7.72e-10	0.000889750958706658
c18h37oo-5-2	0.285	7.72e-10	0.000889750958706658
c18ooh10-2h	0.285	7.72e-10	0.000889750958706658
c18ooh8-2i	0.285	7.72e-10	0.000889750958706658
c18ooh6-2c	0.285	7.72e-10	0.000889750958706658
c18h37oo-3-2	0.285	7.72e-10	0.000889750958706658
c18ooh9-2j	0.285	7.72e-10	0.000889750958706658
c18ooh11-2m	0.285	7.72e-10	0.000889750958706658
c18ooh8-2k	0.285	7.72e-10	0.000889750958706658
c18ooh12-2o	0.285	7.72e-10	0.000889750958706658
c17ket16-15-2	0.286	7.65e-10	0.00093042297028229
c17ket9-13-2	0.286	7.65e-10	0.00093042297028229
c17ket3-4-2	0.286	7.65e-10	0.00093042297028229
c17ket6-9-2	0.286	7.65e-10	0.00093042297028229
c17ket9-12-2	0.286	7.65e-10	0.00093042297028229
c17ket7-9-2	0.286	7.65e-10	0.00093042297028229
c17ket4-1-2	0.286	7.65e-10	0.00093042297028229
c17ket7-4-2	0.286	7.65e-10	0.00093042297028229
c17ket4-7-2	0.286	7.65e-10	0.00093042297028229
c18h37ooh-4-2	0.286	7.72e-10	0.000889750958706658
c17ket7-5-2	0.286	7.65e-10	0.00093042297028229
c17ket11-7-2	0.286	7.65e-10	0.00093042297028229
c18h37ooh-8-2	0.286	7.72e-10	0.000889750958706658
c18h37ooh-1-2	0.286	7.72e-10	0.000889750958706658
c17ket1-4-2	0.286	7.65e-10	0.00093042297028229
c17ket9-8-2	0.286	7.65e-10	0.00093042297028229
c17ket6-4-2	0.286	7.65e-10	0.00093042297028229
c17ket7-10-2	0.286	7.65e-10	0.00093042297028229
c17ket6-5-2	0.286	7.65e-10	0.00093042297028229
c17ket5-8-2	0.286	7.65e-10	0.00093042297028229
c18h37ooh-6-2	0.286	7.72e-10	0.000889750958706658
c17ket16-14-2	0.286	7.65e-10	0.00093042297028229
c17ket7-3-2	0.286	7.65e-10	0.00093042297028229
c18h37ooh-12-2	0.286	7.72e-10	0.000889750958706658
c17ket12-8-2	0.286	7.65e-10	0.00093042297028229
c17ket16-13-2	0.286	7.65e-10	0.00093042297028229
c17ket5-3-2	0.286	7.65e-10	0.00093042297028229
c17ket4-8-2	0.286	7.65e-10	0.00093042297028229
c17ket3-6-2	0.286	7.65e-10	0.00093042297028229
c17ket15-11-2	0.286	7.65e-10	0.00093042297028229
c16ooh13oo14-2	0.289	7.56e-10	0.000974611373714731
c16ooh8-5o2	0.289	7.73e-10	0.00106505346568398
c16ooh13oo9-2	0.289	7.56e-10	0.000974611373714731
c16ooh2-6o2	0.289	7.73e-10	0.00106505346568398
c16ooh4-oo6-2	0.289	7.56e-10	0.000974611373714731
c16ooh2-oo4-2	0.289	7.56e-10	0.000974611373714731
c16ooh1-oo1-2	0.289	7.56e-10	0.000974611373714731
c16ooh7-9o2	0.289	7.73e-10	0.00106505346568398
c16ooh10oo12-2	0.289	7.56e-10	0.000974611373714731
c16ooh13oo12-2	0.289	7.56e-10	0.000974611373714731
c16ooh6-3o2	0.289	7.73e-10	0.00106505346568398
c16ooh7oo11-2	0.289	7.56e-10	0.000974611373714731
c16ooh3-oo5-2	0.289	7.56e-10	0.000974611373714731
c16ooh8-4o2	0.289	7.73e-10	0.00106505346568398
c16ooh12oo10-2	0.289	7.56e-10	0.000974611373714731
c16ooh12oo13-2	0.289	7.56e-10	0.000974611373714731
c16ooh1-oo2-2	0.289	7.56e-10	0.000974611373714731
c16ooh5-1o2	0.289	7.73e-10	0.00106505346568398
c16ooh7-oo6-2	0.289	7.56e-10	0.000974611373714731
c16ooh5-oo4-2	0.289	7.56e-10	0.000974611373714731
c16ooh11oo10-2	0.289	7.56e-10	0.000974611373714731
c16ooh11oo8-2	0.289	7.56e-10	0.000974611373714731
c16ooh2-oo1-2	0.289	7.56e-10	0.000974611373714731
c16ooh9oo11-2	0.289	7.56e-10	0.000974611373714731
c16ooh3-4o2	0.289	7.73e-10	0.00106505346568398
c16ooh1-2o2	0.289	7.73e-10	0.00106505346568398
c16ooh7-4o2	0.289	7.73e-10	0.00106505346568398
c16ooh3-2o2	0.289	7.73e-10	0.00106505346568398
c16ooh10oo7-2	0.289	7.56e-10	0.000974611373714731
c16ooh9-oo5-2	0.289	7.56e-10	0.000974611373714731
c16ooh6-9o2	0.289	7.73e-10	0.00106505346568398
c16ooh9oo13-2	0.289	7.56e-10	0.000974611373714731
c16ooh9-oo7-2	0.289	7.56e-10	0.000974611373714731
c16ooh7-3o2	0.289	7.73e-10	0.00106505346568398
c16ooh11oo15-2	0.289	7.56e-10	0.000974611373714731
c16ooh12oo15-2	0.289	7.56e-10	0.000974611373714731
c16ooh13oo11-2	0.289	7.56e-10	0.000974611373714731
c16ooh10oo6-2	0.289	7.56e-10	0.000974611373714731
c16ooh3-5o2	0.289	7.73e-10	0.00106505346568398
c20h40o16-19-2	0.296	7.86e-10	0.00081727390117524
c20h40o8-11-2	0.296	7.86e-10	0.00081727390117524
c20h40o8-10-2	0.296	7.86e-10	0.00081727390117524
c20h40o2-4-2	0.296	7.86e-10	0.00081727390117524
c20h40o6-7-2	0.296	7.86e-10	0.00081727390117524
c20h40o14-15-2	0.296	7.86e-10	0.00081727390117524
c20h40o13-15-2	0.296	7.86e-10	0.00081727390117524
c20h40o11-15-2	0.296	7.86e-10	0.00081727390117524
c20h40o7-11-2	0.296	7.86e-10	0.00081727390117524
c20h40o3-7-2	0.296	7.86e-10	0.00081727390117524
c20h40o13-16-2	0.296	7.86e-10	0.00081727390117524
c20h40o12-15-2	0.296	7.86e-10	0.00081727390117524
c20h40o13-14-2	0.296	7.86e-10	0.00081727390117524
c20h40o11-12-2	0.296	7.86e-10	0.00081727390117524
c20h40o9-13-2	0.296	7.86e-10	0.00081727390117524
c20h40o15-19-2	0.296	7.86e-10	0.00081727390117524
c20h41o-7-2	0.297	7.86e-10	0.00081727390117524
c20h41o-6-2	0.297	7.86e-10	0.00081727390117524
c20h41o-8-2	0.297	7.86e-10	0.00081727390117524
c20h41o-10-2	0.297	7.86e-10	0.00081727390117524
c20h41o-5-2	0.297	7.86e-10	0.00081727390117524
c19ooh9-2g	0.299	7.79e-10	0.000852158944686363
c19ooh16-2q	0.299	7.79e-10	0.000852158944686363
c19ooh15-2m	0.299	7.79e-10	0.000852158944686363
c19ooh2-2d	0.299	7.79e-10	0.000852158944686363
c19ooh5-2i	0.299	7.79e-10	0.000852158944686363
c19h39oo-12-2	0.299	7.79e-10	0.000852158944686363
c19ooh14-2q	0.299	7.79e-10	0.000852158944686363
c19ooh3-2g	0.299	7.79e-10	0.000852158944686363
c19ooh9-2m	0.299	7.79e-10	0.000852158944686363
c19ooh17-2o	0.299	7.79e-10	0.000852158944686363
c19ooh6-2b	0.299	7.79e-10	0.000852158944686363
c19ooh17-2m	0.299	7.79e-10	0.000852158944686363
c19ooh6-2i	0.299	7.79e-10	0.000852158944686363
c19ooh12-2j	0.299	7.79e-10	0.000852158944686363
c19ooh12-2m	0.299	7.79e-10	0.000852158944686363
c19ooh15-2l	0.299	7.79e-10	0.000852158944686363
c19ooh16-2n	0.299	7.79e-10	0.000852158944686363
c19ooh10-2k	0.299	7.79e-10	0.000852158944686363
c19ooh3-2f	0.299	7.79e-10	0.000852158944686363
c19ooh13-2i	0.299	7.79e-10	0.000852158944686363
c19h39oo-9-2	0.299	7.79e-10	0.000852158944686363
c19ooh7-2i	0.299	7.79e-10	0.000852158944686363
c19h39oo-1-2	0.299	7.79e-10	0.000852158944686363
c19ooh16-2l	0.299	7.79e-10	0.000852158944686363
c19ooh7-2f	0.299	7.79e-10	0.000852158944686363
c19ooh7-2e	0.299	7.79e-10	0.000852158944686363
c19ooh10-2h	0.299	7.79e-10	0.000852158944686363
c19ooh11-2l	0.299	7.79e-10	0.000852158944686363
c19ooh5-2b	0.299	7.79e-10	0.000852158944686363
c19h39oo-11-2	0.299	7.79e-10	0.000852158944686363
c19ooh3-2d	0.299	7.79e-10	0.000852158944686363
c19ooh6-2e	0.299	7.79e-10	0.000852158944686363
c19ooh14-2l	0.299	7.79e-10	0.000852158944686363
c19ooh2-2e	0.299	7.79e-10	0.000852158944686363
c19ooh8-2i	0.299	7.79e-10	0.000852158944686363
c19ooh13-2o	0.299	7.79e-10	0.000852158944686363
c18ket15-17-2	0.3	7.72e-10	0.000889750958706658
c18ket4-3-2	0.3	7.72e-10	0.000889750958706658
c18ket4-5-2	0.3	7.72e-10	0.000889750958706658
c18ket1-4-2	0.3	7.72e-10	0.000889750958706658
c18ket15-12-2	0.3	7.72e-10	0.000889750958706658
c18ket12-13-2	0.3	7.72e-10	0.000889750958706658
c18ket15-11-2	0.3	7.72e-10	0.000889750958706658
c18ket3-7-2	0.3	7.72e-10	0.000889750958706658
c18ket1-1-2	0.3	7.72e-10	0.000889750958706658
c18ket13-14-2	0.3	7.72e-10	0.000889750958706658
c18ket12-15-2	0.3	7.72e-10	0.000889750958706658
c18ket6-5-2	0.3	7.72e-10	0.000889750958706658
c18ket9-10-2	0.3	7.72e-10	0.000889750958706658
c18ket11-15-2	0.3	7.72e-10	0.000889750958706658
c18ket11-8-2	0.3	7.72e-10	0.000889750958706658
c18ket8-12-2	0.3	7.72e-10	0.000889750958706658
c18ket7-8-2	0.3	7.72e-10	0.000889750958706658
c18ket5-2-2	0.3	7.72e-10	0.000889750958706658
c18ket12-16-2	0.3	7.72e-10	0.000889750958706658
c18ket7-5-2	0.3	7.72e-10	0.000889750958706658
c18ket9-8-2	0.3	7.72e-10	0.000889750958706658
c18ket9-13-2	0.3	7.72e-10	0.000889750958706658
c18ket17-15-2	0.3	7.72e-10	0.000889750958706658
c18ket8-6-2	0.3	7.72e-10	0.000889750958706658
c18ket6-2-2	0.3	7.72e-10	0.000889750958706658
c18ket12-9-2	0.3	7.72e-10	0.000889750958706658
c18ket17-16-2	0.3	7.72e-10	0.000889750958706658
c18ket7-4-2	0.3	7.72e-10	0.000889750958706658
c19h39ooh-5-2	0.3	7.79e-10	0.000852158944686363
c19h39ooh-15-2	0.3	7.79e-10	0.000852158944686363
c19h39ooh-9-2	0.3	7.79e-10	0.000852158944686363
c19h39ooh-10-2	0.3	7.79e-10	0.000852158944686363
c17ooh3-oo1-2	0.303	7.65e-10	0.00093042297028229
c17ooh16oo15-2	0.303	7.65e-10	0.00093042297028229
c17ooh6-oo4-2	0.303	7.65e-10	0.00093042297028229
c17ooh3-oo2-2	0.303	7.65e-10	0.00093042297028229
c17ooh1-oo3-2	0.303	7.65e-10	0.00093042297028229
c17ooh8oo12-2	0.303	7.65e-10	0.00093042297028229
c17ooh9-oo6-2	0.303	7.65e-10	0.00093042297028229
c17ooh8-oo7-2	0.303	7.65e-10	0.00093042297028229
c17ooh10oo13-2	0.303	7.65e-10	0.00093042297028229
c17ooh8oo10-2	0.303	7.65e-10	0.00093042297028229
c17ooh16oo14-2	0.303	7.65e-10	0.00093042297028229
c17ooh14oo16-2	0.303	7.65e-10	0.00093042297028229
c17ooh7-oo5-2	0.303	7.65e-10	0.00093042297028229
c17ooh12oo8-2	0.303	7.65e-10	0.00093042297028229
c17ooh11oo14-2	0.303	7.65e-10	0.00093042297028229
c17ooh3-oo6-2	0.303	7.65e-10	0.00093042297028229
c17ooh15oo12-2	0.303	7.65e-10	0.00093042297028229
c17ooh4-oo8-2	0.303	7.65e-10	0.00093042297028229
c17ooh10oo8-2	0.303	7.65e-10	0.00093042297028229
c17ooh10oo12-2	0.303	7.65e-10	0.00093042297028229
c17ooh11oo9-2	0.303	7.65e-10	0.00093042297028229
c17ooh13oo9-2	0.303	7.65e-10	0.00093042297028229
c17ooh11oo7-2	0.303	7.65e-10	0.00093042297028229
c17ooh1-oo4-2	0.303	7.65e-10	0.00093042297028229
c17ooh4-oo1-2	0.303	7.65e-10	0.00093042297028229
c17ooh13oo16-2	0.303	7.65e-10	0.00093042297028229
c17ooh11oo13-2	0.303	7.65e-10	0.00093042297028229
c17ooh13oo14-2	0.303	7.65e-10	0.00093042297028229
c20ooh16-2s	0.313	7.86e-10	0.00081727390117524
c20ooh7-2d	0.313	7.86e-10	0.00081727390117524
c20ooh13-2j	0.313	7.86e-10	0.00081727390117524
c20ooh7-2k	0.313	7.86e-10	0.00081727390117524
c20ooh17-2r	0.313	7.86e-10	0.00081727390117524
c20ooh11-2o	0.313	7.86e-10	0.00081727390117524
c20ooh15-2l	0.313	7.86e-10	0.00081727390117524
c20ooh5-2i	0.313	7.86e-10	0.00081727390117524
c20ooh11-2h	0.313	7.86e-10	0.00081727390117524
c20ooh1-2c	0.313	7.86e-10	0.00081727390117524
c20ooh6-2g	0.313	7.86e-10	0.00081727390117524
c20ooh7-2j	0.313	7.86e-10	0.00081727390117524
c20ooh14-2q	0.313	7.86e-10	0.00081727390117524
c20ooh10-2l	0.313	7.86e-10	0.00081727390117524
c20h41oo-8-2	0.313	7.86e-10	0.00081727390117524
c20ooh13-2i	0.313	7.86e-10	0.00081727390117524
c20ooh4-2b	0.313	7.86e-10	0.00081727390117524
c20ooh11-2n	0.313	7.86e-10	0.00081727390117524
c20ooh3-2d	0.313	7.86e-10	0.00081727390117524
c20h41oo-14-2	0.313	7.86e-10	0.00081727390117524
c20ooh2-2e	0.313	7.86e-10	0.00081727390117524
c20ooh10-2f	0.313	7.86e-10	0.00081727390117524
c20ooh12-2n	0.313	7.86e-10	0.00081727390117524
c20ooh8-2l	0.313	7.86e-10	0.00081727390117524
c20ooh11-2l	0.313	7.86e-10	0.00081727390117524
c20ooh14-2m	0.313	7.86e-10	0.00081727390117524
c20ooh6-2c	0.313	7.86e-10	0.00081727390117524
c20ooh6-2d	0.313	7.86e-10	0.00081727390117524
c20ooh17-2s	0.313	7.86e-10	0.00081727390117524
c20ooh15-2n	0.313	7.86e-10	0.00081727390117524
c20ooh10-2n	0.313	7.86e-10	0.00081727390117524
c20ooh18-2o	0.313	7.86e-10	0.00081727390117524
c20ooh8-2f	0.313	7.86e-10	0.00081727390117524
c20ooh12-2h	0.313	7.86e-10	0.00081727390117524
c20h41oo-7-2	0.313	7.86e-10	0.00081727390117524
c20ooh9-2k	0.313	7.86e-10	0.00081727390117524
c20ooh1-2b	0.313	7.86e-10	0.00081727390117524
c20ooh9-2f	0.313	7.86e-10	0.00081727390117524
c20h41ooh-6-2	0.314	7.86e-10	0.00081727390117524
c20h41ooh-18-2	0.314	7.86e-10	0.00081727390117524
c20h41ooh-4-2	0.314	7.86e-10	0.00081727390117524
c20h41ooh-7-2	0.314	7.86e-10	0.00081727390117524
c19ket5-8-2	0.314	7.79e-10	0.000852158944686363
c19ket13-15-2	0.314	7.79e-10	0.000852158944686363
c19ket7-4-2	0.314	7.79e-10	0.000852158944686363
c19ket11-15-2	0.314	7.79e-10	0.000852158944686363
c19ket13-17-2	0.314	7.79e-10	0.000852158944686363
c19ket17-13-2	0.314	7.79e-10	0.000852158944686363
c19ket4-3-2	0.314	7.79e-10	0.000852158944686363
c19ket5-2-2	0.314	7.79e-10	0.000852158944686363
c19ket5-3-2	0.314	7.79e-10	0.000852158944686363
c19ket7-6-2	0.314	7.79e-10	0.000852158944686363
c19ket12-11-2	0.314	7.79e-10	0.000852158944686363
c19ket3-5-2	0.314	7.79e-10	0.000852158944686363
c19ket12-9-2	0.314	7.79e-10	0.000852158944686363
c19ket7-9-2	0.314	7.79e-10	0.000852158944686363
c19ket13-10-2	0.314	7.79e-10	0.000852158944686363
c19ket10-13-2	0.314	7.79e-10	0.000852158944686363
c19ket16-14-2	0.314	7.79e-10	0.000852158944686363
c19ket3-4-2	0.314	7.79e-10	0.000852158944686363
c19ket17-15-2	0.314	7.79e-10	0.000852158944686363
c19ket8-12-2	0.314	7.79e-10	0.000852158944686363
c19ket14-15-2	0.314	7.79e-10	0.000852158944686363
c19ket13-14-2	0.314	7.79e-10	0.000852158944686363
c19ket17-18-2	0.314	7.79e-10	0.000852158944686363
c19ket9-5-2	0.314	7.79e-10	0.000852158944686363
c19ket10-6-2	0.314	7.79e-10	0.000852158944686363
c19ket1-3-2	0.314	7.79e-10	0.000852158944686363
c19ket12-8-2	0.314	7.79e-10	0.000852158944686363
c19ket10-12-2	0.314	7.79e-10	0.000852158944686363
c19ket5-7-2	0.314	7.79e-10	0.000852158944686363
c19ket8-11-2	0.314	7.79e-10	0.000852158944686363
c18ooh9-oo6-2	0.317	7.72e-10	0.000889750958706658
c18ooh15oo16-2	0.317	7.72e-10	0.000889750958706658
c18ooh12oo8-2	0.317	7.72e-10	0.000889750958706658
c18ooh6-oo7-2	0.317	7.72e-10	0.000889750958706658
c18ooh4-oo1-2	0.317	7.72e-10	0.000889750958706658
c18ooh13oo11-2	0.317	7.72e-10	0.000889750958706658
c18ooh15oo14-2	0.317	7.72e-10	0.000889750958706658
c18ooh14oo16-2	0.317	7.72e-10	0.000889750958706658
c18ooh4-oo3-2	0.317	7.72e-10	0.000889750958706658
c18ooh10oo7-2	0.317	7.72e-10	0.000889750958706658
c18ooh15oo17-2	0.317	7.72e-10	0.000889750958706658
c18ooh9oo13-2	0.317	7.72e-10	0.000889750958706658
c18ooh5-oo4-2	0.317	7.72e-10	0.000889750958706658
c18ooh7-oo3-2	0.317	7.72e-10	0.000889750958706658
c18ooh7-oo6-2	0.317	7.72e-10	0.000889750958706658
c18ooh11oo10-2	0.317	7.72e-10	0.000889750958706658
c18ooh9oo11-2	0.317	7.72e-10	0.000889750958706658
c18ooh5-oo1-2	0.317	7.72e-10	0.000889750958706658
c18ooh6-oo2-2	0.317	7.72e-10	0.000889750958706658
c18ooh3-oo7-2	0.317	7.72e-10	0.000889750958706658
c18ooh1-oo5-2	0.317	7.72e-10	0.000889750958706658
c18ooh11oo8-2	0.317	7.72e-10	0.000889750958706658
c18ooh4-oo5-2	0.317	7.72e-10	0.000889750958706658
c18ooh6-oo8-2	0.317	7.72e-10	0.000889750958706658
c18ooh14oo15-2	0.317	7.72e-10	0.000889750958706658
c18ooh5-oo6-2	0.317	7.72e-10	0.000889750958706658
c18ooh1-oo4-2	0.317	7.72e-10	0.000889750958706658
c18ooh5-oo2-2	0.317	7.72e-10	0.000889750958706658
c18ooh8-oo4-2	0.317	7.72e-10	0.000889750958706658
c18ooh11oo9-2	0.317	7.72e-10	0.000889750958706658
c20ket17-19-2	0.328	7.86e-10	0.00081727390117524
c20ket3-4-2	0.328	7.86e-10	0.00081727390117524
c20ket9-11-2	0.328	7.86e-10	0.00081727390117524
c20ket10-13-2	0.328	7.86e-10	0.00081727390117524
c20ket7-11-2	0.328	7.86e-10	0.00081727390117524
c20ket3-2-2	0.328	7.86e-10	0.00081727390117524
c20ket7-4-2	0.328	7.86e-10	0.00081727390117524
c20ket9-7-2	0.328	7.86e-10	0.00081727390117524
c20ket10-11-2	0.328	7.86e-10	0.00081727390117524
c20ket1-3-2	0.328	7.86e-10	0.00081727390117524
c20ket9-8-2	0.328	7.86e-10	0.00081727390117524
c20ket12-9-2	0.328	7.86e-10	0.00081727390117524
c20ket17-16-2	0.328	7.86e-10	0.00081727390117524
c20ket11-8-2	0.328	7.86e-10	0.00081727390117524
c20ket15-13-2	0.328	7.86e-10	0.00081727390117524
c20ket16-15-2	0.328	7.86e-10	0.00081727390117524
c20ket7-8-2	0.328	7.86e-10	0.00081727390117524
c20ket16-18-2	0.328	7.86e-10	0.00081727390117524
c20ket7-5-2	0.328	7.86e-10	0.00081727390117524
c20ket15-12-2	0.328	7.86e-10	0.00081727390117524
c20ket15-18-2	0.328	7.86e-10	0.00081727390117524
c20ket8-5-2	0.328	7.86e-10	0.00081727390117524
c20ket4-8-2	0.328	7.86e-10	0.00081727390117524
c20ket6-4-2	0.328	7.86e-10	0.00081727390117524
c20ket12-13-2	0.328	7.86e-10	0.00081727390117524
c20ket9-10-2	0.328	7.86e-10	0.00081727390117524
c20ket3-5-2	0.328	7.86e-10	0.00081727390117524
c20ket6-10-2	0.328	7.86e-10	0.00081727390117524
c20ket4-7-2	0.328	7.86e-10	0.00081727390117524
c20ket17-14-2	0.328	7.86e-10	0.00081727390117524
c20ket13-11-2	0.328	7.86e-10	0.00081727390117524
c20ket5-7-2	0.328	7.86e-10	0.00081727390117524
c19ooh16oo13-2	0.331	7.79e-10	0.000852158944686363
c19ooh2-oo5-2	0.331	7.79e-10	0.000852158944686363
c19ooh12oo8-2	0.331	7.79e-10	0.000852158944686363
c19ooh9-oo5-2	0.331	7.79e-10	0.000852158944686363
c19ooh13oo11-2	0.331	7.79e-10	0.000852158944686363
c19ooh7oo11-2	0.331	7.79e-10	0.000852158944686363
c19ooh2-oo4-2	0.331	7.79e-10	0.000852158944686363
c19ooh2-oo1-2	0.331	7.79e-10	0.000852158944686363
c19ooh11oo15-2	0.331	7.79e-10	0.000852158944686363
c19ooh3-oo2-2	0.331	7.79e-10	0.000852158944686363
c19ooh16oo17-2	0.331	7.79e-10	0.000852158944686363
c19ooh10oo6-2	0.331	7.79e-10	0.000852158944686363
c19ooh2-oo3-2	0.331	7.79e-10	0.000852158944686363
c19ooh5-oo4-2	0.331	7.79e-10	0.000852158944686363
c19ooh8-oo9-2	0.331	7.79e-10	0.000852158944686363
c19ooh5-oo1-2	0.331	7.79e-10	0.000852158944686363
c19ooh3-oo7-2	0.331	7.79e-10	0.000852158944686363
c19ooh7-oo3-2	0.331	7.79e-10	0.000852158944686363
c19ooh9oo10-2	0.331	7.79e-10	0.000852158944686363
c19ooh9-oo6-2	0.331	7.79e-10	0.000852158944686363
c19ooh11oo12-2	0.331	7.79e-10	0.000852158944686363
c19ooh6oo10-2	0.331	7.79e-10	0.000852158944686363
c19ooh5-oo7-2	0.331	7.79e-10	0.000852158944686363
c19ooh7oo10-2	0.331	7.79e-10	0.000852158944686363
c19ooh16oo15-2	0.331	7.79e-10	0.000852158944686363
c19ooh3-oo4-2	0.331	7.79e-10	0.000852158944686363
c19ooh8oo12-2	0.331	7.79e-10	0.000852158944686363
c19ooh18oo15-2	0.331	7.79e-10	0.000852158944686363
c19ooh15oo17-2	0.331	7.79e-10	0.000852158944686363
c19ooh4-oo7-2	0.331	7.79e-10	0.000852158944686363
c19ooh1-oo5-2	0.331	7.79e-10	0.000852158944686363
c20ooh12oo10-2	0.345	7.86e-10	0.00081727390117524
c20ooh6-oo9-2	0.345	7.86e-10	0.00081727390117524
c20ooh7-oo6-2	0.345	7.86e-10	0.00081727390117524
c20ooh11oo9-2	0.345	7.86e-10	0.00081727390117524
c20ooh12oo14-2	0.345	7.86e-10	0.00081727390117524
c20ooh16oo12-2	0.345	7.86e-10	0.00081727390117524
c20ooh6-oo8-2	0.345	7.86e-10	0.00081727390117524
c20ooh7oo11-2	0.345	7.86e-10	0.00081727390117524
c20ooh11oo14-2	0.345	7.86e-10	0.00081727390117524
c20ooh16oo14-2	0.345	7.86e-10	0.00081727390117524
c20ooh12oo9-2	0.345	7.86e-10	0.00081727390117524
c20ooh15oo19-2	0.345	7.86e-10	0.00081727390117524
c20ooh11oo8-2	0.345	7.86e-10	0.00081727390117524
c20ooh15oo13-2	0.345	7.86e-10	0.00081727390117524
c20ooh6-oo3-2	0.345	7.86e-10	0.00081727390117524
c20ooh4-oo1-2	0.345	7.86e-10	0.00081727390117524
c20ooh10oo14-2	0.345	7.86e-10	0.00081727390117524
c20ooh13oo16-2	0.345	7.86e-10	0.00081727390117524
c20ooh14oo16-2	0.345	7.86e-10	0.00081727390117524
c20ooh10oo12-2	0.345	7.86e-10	0.00081727390117524
c20ooh4-oo8-2	0.345	7.86e-10	0.00081727390117524
c20ooh13oo14-2	0.345	7.86e-10	0.00081727390117524
c20ooh9oo12-2	0.345	7.86e-10	0.00081727390117524
c20ooh12oo13-2	0.345	7.86e-10	0.00081727390117524
c20ooh10oo7-2	0.345	7.86e-10	0.00081727390117524
c20ooh9-oo5-2	0.345	7.86e-10	0.00081727390117524
c20ooh4-oo7-2	0.345	7.86e-10	0.00081727390117524
c20ooh12oo11-2	0.345	7.86e-10	0.00081727390117524
c20ooh15oo16-2	0.345	7.86e-10	0.00081727390117524
c20ooh2-oo6-2	0.345	7.86e-10	0.00081727390117524
c20ooh4-oo6-2	0.345	7.86e-10	0.00081727390117524
c20ooh8oo12-2	0.345	7.86e-10	0.00081727390117524
c20ooh5-oo7-2	0.345	7.86e-10	0.00081727390117524
c20ooh3-oo2-2	0.345	7.86e-10	0.00081727390117524