Species	Molecular weight	Collision diameter	kb* inverse  Collision energy (k/eps)
h	0.001	2.05e-10	0.00689655172413793
o	0.016	2.75e-10	0.0125
co	0.028	3.698e-10	0.00956937799043062
ch3oh	0.032	3.626e-10	0.0020755500207555
c3h4-p	0.04	4.667e-10	0.00351246926589392
ch3co	0.043	3.97e-10	0.00229357798165138
c3h8	0.044	5.114e-10	0.00421585160202361
c2h5oh	0.046	4.41e-10	0.00212494687632809
c4h71-4	0.055	4.65e-10	0.0028169014084507
c4h8-1	0.056	5.274e-10	0.00330687830687831
pc4h9	0.057	5.405e-10	0.00327868852459016
c4h10	0.058	5.206e-10	0.00284981476204047
nc3h7o	0.059	4.997e-10	0.00207684319833853
o2cho	0.061	3.97e-10	0.00229357798165138
c5h81-3	0.068	5.33e-10	0.00222380359366661
sc3h5co	0.069	5.009e-10	0.002154243860405
ac5h10	0.07	5.532e-10	0.00258665287118469
dc5h11	0.071	5.041e-10	0.00226893711640782
ch3chcoch3	0.071	5.04e-10	0.00226971474225119
c3h6cho-3	0.071	5.009e-10	0.002154243860405
c4h8o2-3	0.072	5.2e-10	0.00201612903225806
ch3coch2o	0.073	5.086e-10	0.00223394297637159
ac3h5ooh	0.074	4.997e-10	0.00207684319833853
c3h6ooh1-3	0.075	4.662e-10	0.00229779411764706
ch3och2o2h	0.078	4.037e-10	0.00253164556962025
c6h111-4	0.083	5.85e-10	0.00236183278223902
c4h6cho1-44	0.083	5.306e-10	0.00207326503998292
c4h7cho1-1	0.084	5.778e-10	0.00210084033613445
dc6h12	0.084	5.872e-10	0.00241312741312741
tc4h8cho	0.085	5.348e-10	0.00204463854879734
c5h9o2-4	0.085	5.664e-10	0.00191131498470948
c2h5coc2h4p	0.085	5.348e-10	0.00204463854879734
c5h10o1-2	0.086	5.664e-10	0.00191131498470948
c5h11o-3	0.087	5.664e-10	0.00191131498470948
c4h8ooh1-4	0.089	5.2e-10	0.00201612903225806
ic4h8o2h-t	0.089	5.356e-10	0.00199123855037834
c3ket13	0.09	5.009e-10	0.002154243860405
c7h132-7	0.097	5.89e-10	0.0017919862375457
c7h131-3	0.097	5.89e-10	0.0017919862375457
c7h14-1	0.098	6.173e-10	0.00218435998252512
kes1	0.098	5.643e-10	0.00186057934719713
c6h11o1-4	0.099	5.674e-10	0.00184672206832872
c4h8coch3-4	0.099	5.625e-10	0.00187152714743704
ic4h9coch2	0.099	6.02e-10	0.00198530871550526
c7h15-2d	0.099	5.99e-10	0.00182865502422968
c6h11o1-5	0.099	5.674e-10	0.00184672206832872
c6h12o1-2	0.1	5.643e-10	0.00186057934719713
c5h91o2-3	0.101	5.33e-10	0.00222380359366661
c5h81ooh3-4	0.101	5.33e-10	0.00222380359366661
c5h9ooh1-5	0.102	5.68e-10	0.00183963869496031
c5h10ooh2-3	0.103	5.664e-10	0.00191131498470948
ch3choococh3	0.103	5.698e-10	0.00182961859770712
nc4ket24	0.104	5.778e-10	0.00210084033613445
io2c4h8oh	0.105	5.2e-10	0.00201612903225806
c8h15-1-2	0.111	6.24e-10	0.00167768345468577
c8h16-2-2	0.112	6.24e-10	0.00167768345468577
c8h17-2	0.113	6.27e-10	0.00163174727498205
c3coc3h6p	0.113	5.625e-10	0.00187152714743704
ic4h9coc2h4p	0.113	5.99e-10	0.00182865502422968
c7h14o4-5-2	0.114	5.99e-10	0.00182865502422968
c7h14o1-3	0.114	6.297e-10	0.00195503421309873
c7h14o2-5-2	0.114	5.99e-10	0.00182865502422968
c7h14o1-4-2	0.114	5.99e-10	0.00182865502422968
c6h113o2-2	0.115	5.943e-10	0.00169879368660314
c6h102ooh6-5	0.115	5.96e-10	0.00169037416432127
c6h102ooh6-4	0.115	5.96e-10	0.00169037416432127
c6h102ooh4-6	0.115	5.96e-10	0.00169037416432127
c6h111o2-3	0.115	5.943e-10	0.00169879368660314
c6h113o2h-2	0.116	5.96e-10	0.00169037416432127
c6h112o2h-6	0.116	5.96e-10	0.00169037416432127
nc5d1ket45	0.116	5.504e-10	0.00258732212160414
c6h12ooh1-2	0.117	5.943e-10	0.00169879368660314
c6h12ooh3-5	0.117	5.943e-10	0.00169879368660314
nc5ket32	0.118	6.174e-10	0.00202101859337106
c6h13o2h-2	0.118	5.96e-10	0.00169037416432127
ic4h8ooh-io2	0.121	6.009e-10	0.00166645002816301
c9h17-1-2	0.125	6.4e-10	0.00153176888671037
c9h18-5-2	0.126	6.4e-10	0.00153176888671037
c9h18-2-2	0.126	6.4e-10	0.00153176888671037
ic4h9coc3h6p	0.127	6.24e-10	0.00167771160137572
ic6h13coch2	0.127	6.24e-10	0.00167771160137572
c9h19-3	0.127	6.49e-10	0.00151768098345728
c8o2-5	0.128	6.27e-10	0.00163174727498205
c8o1-2	0.128	6.27e-10	0.00163174727498205
c8h16o2-5-2	0.128	6.24e-10	0.00167768345468577
c8h16o4-5-2	0.128	6.24e-10	0.00167768345468577
c8h17o-3-2	0.129	6.24e-10	0.00167768345468577
nc6d2ket45	0.13	6.548e-10	0.00214132762312634
nc6d1ket45	0.13	6.548e-10	0.00214132762312634
nc6d1ket64	0.13	6.548e-10	0.00214132762312634
c7ooh1-2d	0.131	5.99e-10	0.00182865502422968
c7h15oo-2-2	0.131	5.99e-10	0.00182865502422968
c7h14ooh2-1	0.131	6.317e-10	0.0017825311942959
c7h14ooh3-6	0.131	6.317e-10	0.0017825311942959
c7ooh3-2a	0.131	5.99e-10	0.00182865502422968
c7h14ooh3-7	0.131	6.317e-10	0.0017825311942959
c7ooh3-2d	0.131	5.99e-10	0.00182865502422968
nc6ket14	0.132	6.548e-10	0.00214132762312634
c7h15ooh-3-2	0.132	5.99e-10	0.00182865502422968
nc6ket21	0.132	6.548e-10	0.00214132762312634
c5h81ooh5-4o2	0.133	5.33e-10	0.00222380359366661
c5h10ooh2-4o2	0.135	5.664e-10	0.00191131498470948
c10h19-1-2	0.139	6.4e-10	0.00153176888671037
c10h20-1-2	0.14	6.4e-10	0.00153176888671037
c7h15chco	0.14	6.24e-10	0.00187090739008419
c10h21-2f	0.141	6.4e-10	0.00153176888671037
c10h21-1	0.141	6.69e-10	0.00141860069227714
nc7h15coch2	0.141	6.68e-10	0.00145749223885383
c9o2-5	0.142	6.49e-10	0.00151768098345728
c9o1-2	0.142	6.49e-10	0.00151768098345728
c9h18o4-8-2	0.142	6.4e-10	0.00153176888671037
c9o3-4	0.142	6.49e-10	0.00151768098345728
c9h18o7-8-2	0.142	6.4e-10	0.00153176888671037
c9h19o-7-2	0.143	6.4e-10	0.00153176888671037
c9h19o-4-2	0.143	6.4e-10	0.00153176888671037
c8ooh5-2f	0.145	6.24e-10	0.00167768345468577
c8ooh2-2c	0.145	6.24e-10	0.00167768345468577
c8ooh5-2d	0.145	6.24e-10	0.00167768345468577
c8ooh3-6	0.145	6.27e-10	0.00163174727498205
c8h17oo-4-2	0.145	6.24e-10	0.00167768345468577
c8h17o2-1	0.145	6.27e-10	0.00163174727498205
c8ooh3-2b	0.145	6.24e-10	0.00167768345468577
c8ooh4-3	0.145	6.27e-10	0.00163174727498205
nc7ket12	0.146	6.506e-10	0.00172028212626871
c8h17ooh-4-2	0.146	6.24e-10	0.00167768345468577
c7ket1-1-2	0.146	5.99e-10	0.00182865502422968
c7ket4-2-2	0.146	5.99e-10	0.00182865502422968
c7ket3-4-2	0.146	5.99e-10	0.00182865502422968
c8ooh1-2	0.146	6.27e-10	0.00163174727498205
nc7ket21	0.146	6.506e-10	0.00172028212626871
c6h101ooh4-5o2	0.147	6.436e-10	0.00147677985199712
c6h102ooh5-6o2	0.147	6.436e-10	0.00147677985199712
c6h101ooh6-5o2	0.147	6.436e-10	0.00147677985199712
c6h12ooh3-5o2	0.149	6.436e-10	0.00147677985199712
c6h12ooh1-2o2	0.149	6.436e-10	0.00147677985199712
c11h22-4	0.154	6.73e-10	0.00133591610446864
c11h22-6-2	0.154	6.68e-10	0.00145747099632717
ic6h13coc3h6p	0.155	6.68e-10	0.00145749223885383
c11h23-3	0.155	6.8e-10	0.0013259082471493
c11h23-2h	0.155	6.68e-10	0.00145747099632717
c10o2-4	0.156	6.69e-10	0.00141860069227714
c10h20o3-5-2	0.156	6.4e-10	0.00153176888671037
c10h20o1-2-2	0.156	6.4e-10	0.00153176888671037
c10h20o3-4-2	0.156	6.4e-10	0.00153176888671037
ic9h19cho	0.156	6.68e-10	0.00145749223885383
c10h20o1-4-2	0.156	6.4e-10	0.00153176888671037
c10h21o-6-2	0.157	6.4e-10	0.00153176888671037
c10h21o-7-2	0.157	6.4e-10	0.00153176888671037
c9ooh3-5	0.159	6.49e-10	0.00151768098345728
c9ooh2-6	0.159	6.49e-10	0.00151768098345728
c9ooh7-2f	0.159	6.4e-10	0.00153176888671037
c9ooh5-1	0.159	6.49e-10	0.00151768098345728
c9ooh1-3	0.159	6.49e-10	0.00151768098345728
c9ooh1-4	0.159	6.49e-10	0.00151768098345728
c9ooh2-5	0.159	6.49e-10	0.00151768098345728
c9ooh3-2f	0.159	6.4e-10	0.00153176888671037
c9ooh1-2b	0.159	6.4e-10	0.00153176888671037
c9ooh4-2c	0.159	6.4e-10	0.00153176888671037
c8ket3-5-2	0.16	6.24e-10	0.00167768345468577
c8ket1-1-2	0.16	6.24e-10	0.00167768345468577
c9h19ooh-3-2	0.16	6.4e-10	0.00153176888671037
c8ket1-2-2	0.16	6.24e-10	0.00167768345468577
c9h19ooh-1-2	0.16	6.4e-10	0.00153176888671037
c9h19ooh-4-2	0.16	6.4e-10	0.00153176888671037
c8ket5-7-2	0.16	6.24e-10	0.00167768345468577
c8ket7-3-2	0.16	6.24e-10	0.00167768345468577
c8ket3-1-2	0.16	6.24e-10	0.00167768345468577
c7ooh5-oo1-2	0.163	5.99e-10	0.00182865502422968
c7ooh3-oo4-2	0.163	5.99e-10	0.00182865502422968
c7ooh6-oo2-2	0.163	5.99e-10	0.00182865502422968
c7h14ooh1-4o2	0.163	7.229e-10	0.00166500166500167
c7ooh2-oo4-2	0.163	5.99e-10	0.00182865502422968
c7h14ooh2-6o2	0.163	7.229e-10	0.00166500166500167
c12h24-3-2	0.168	7.12e-10	0.00119935714457051
c12h24-1-2	0.168	7.12e-10	0.00119935714457051
ic8h17coc2h4p	0.169	6.87e-10	0.0013674839662505
nc7h15coc3h6p	0.169	7.11e-10	0.00119937152931864
c12h25-2a	0.169	7.12e-10	0.00119935714457051
c12h25-4	0.169	7.06e-10	0.0012671701556085
c11h22o1-5-2	0.17	6.68e-10	0.00145747099632717
c11o3-6	0.17	6.8e-10	0.0013259082471493
c11o4-8	0.17	6.8e-10	0.0013259082471493
c11h22o5-6-2	0.17	6.68e-10	0.00145747099632717
c11h22o3-6-2	0.17	6.68e-10	0.00145747099632717
c11h22o1-4-2	0.17	6.68e-10	0.00145747099632717
c11h23o-6	0.171	6.8e-10	0.0013259082471493
c11h23o-2	0.171	6.8e-10	0.0013259082471493
c10ooh4-2e	0.173	6.4e-10	0.00153176888671037
c10ooh8-2d	0.173	6.4e-10	0.00153176888671037
c10ooh5-2i	0.173	6.4e-10	0.00153176888671037
c10ooh3-2e	0.173	6.4e-10	0.00153176888671037
c10ooh4-2b	0.173	6.4e-10	0.00153176888671037
c10h21oo-1-2	0.173	6.4e-10	0.00153176888671037
c10ooh6-2i	0.173	6.4e-10	0.00153176888671037
c10ooh3-5	0.173	6.69e-10	0.00141860069227714
c10ooh9-2h	0.173	6.4e-10	0.00153176888671037
c10ooh4-2g	0.173	6.4e-10	0.00153176888671037
c10ooh5-9	0.173	6.69e-10	0.00141860069227714
c10ooh2-6	0.173	6.69e-10	0.00141860069227714
c9ket8-7-2	0.174	6.4e-10	0.00153176888671037
c9ket4-7	0.174	6.49e-10	0.00151768098345728
c10h21o2h-5	0.174	6.69e-10	0.00141860069227714
c9ket4-1-2	0.174	6.4e-10	0.00153176888671037
c9ket2-5	0.174	6.49e-10	0.00151768098345728
c10h21ooh-7-2	0.174	6.4e-10	0.00153176888671037
c10h21ooh-3-2	0.174	6.4e-10	0.00153176888671037
c9ket1-5-2	0.174	6.4e-10	0.00153176888671037
c9ket4-6-2	0.174	6.4e-10	0.00153176888671037
c9ket3-4-2	0.174	6.4e-10	0.00153176888671037
c8ooh4-oo2-2	0.177	6.24e-10	0.00167768345468577
c8ooh2-4o2	0.177	6.27e-10	0.00163174727498205
c8ooh2-3o2	0.177	6.27e-10	0.00163174727498205
c8ooh3-6o2	0.177	6.27e-10	0.00163174727498205
c8ooh7-oo5-2	0.177	6.24e-10	0.00167768345468577
c8ooh5-oo7-2	0.177	6.24e-10	0.00167768345468577
c8ooh3-4o2	0.177	6.27e-10	0.00163174727498205
c8ooh1-oo4-2	0.177	6.24e-10	0.00167768345468577
nc10h21chco	0.182	7.24e-10	0.00113430127041742
c13h26-3-2	0.182	7.24e-10	0.00113428840416964
ic11h23co	0.183	7.11e-10	0.00119937152931864
ic8h17coc3h6p	0.183	7.11e-10	0.00119937152931864
c13h27-2g	0.183	7.24e-10	0.00113428840416964
c13h27-6	0.183	7.27e-10	0.00120989207762668
nc11h23cho	0.184	6.8e-10	0.0013259082471493
c12h24o5-6-2	0.184	7.12e-10	0.00119935714457051
c12o2-6	0.184	7.06e-10	0.0012671701556085
c12h24o1-2-2	0.184	7.12e-10	0.00119935714457051
ic11h23cho	0.184	7.11e-10	0.00119937152931864
c12h24o6-10-2	0.184	7.12e-10	0.00119935714457051
c13h28-2	0.184	7.24e-10	0.00113428840416964
c12o1-2	0.184	7.06e-10	0.0012671701556085
c12h25o-8-2	0.185	7.12e-10	0.00119935714457051
c12h25o-6-2	0.185	7.12e-10	0.00119935714457051
c11ooh8-2j	0.187	6.68e-10	0.00145747099632717
c11ooh3-4	0.187	6.8e-10	0.0013259082471493
c11ooh5-1	0.187	6.8e-10	0.0013259082471493
c11ooh4-2c	0.187	6.68e-10	0.00145747099632717
c11h23oo-7-2	0.187	6.68e-10	0.00145747099632717
c11ooh1-2b	0.187	6.68e-10	0.00145747099632717
c11h23o2-1	0.187	6.8e-10	0.0013259082471493
c11ooh1-3	0.187	6.8e-10	0.0013259082471493
c11ooh5-2d	0.187	6.68e-10	0.00145747099632717
c11ooh8-2e	0.187	6.68e-10	0.00145747099632717
c11ooh10-2f	0.187	6.68e-10	0.00145747099632717
c11ooh4-1	0.187	6.8e-10	0.0013259082471493
c11h23oo-9-2	0.187	6.68e-10	0.00145747099632717
c11h23ooh-10-2	0.188	6.68e-10	0.00145747099632717
c10ket2-6	0.188	6.69e-10	0.00141860069227714
c10ket1-5-2	0.188	6.4e-10	0.00153176888671037
c10ket4-6-2	0.188	6.4e-10	0.00153176888671037
c11ooh4-2	0.188	6.8e-10	0.0013259082471493
c10ket3-2-2	0.188	6.4e-10	0.00153176888671037
c10ket5-7-2	0.188	6.4e-10	0.00153176888671037
c10ket5-6	0.188	6.69e-10	0.00141860069227714
c10ket5-1	0.188	6.69e-10	0.00141860069227714
c11h23ooh-5-2	0.188	6.68e-10	0.00145747099632717
c10ket7-9-2	0.188	6.4e-10	0.00153176888671037
c10ket8-5-2	0.188	6.4e-10	0.00153176888671037
c9ooh7-oo6-2	0.191	6.4e-10	0.00153176888671037
c9ooh4-2o2	0.191	6.49e-10	0.00151768098345728
c9ooh2-oo6-2	0.191	6.4e-10	0.00153176888671037
c9ooh3-7o2	0.191	6.49e-10	0.00151768098345728
c9ooh4-oo2-2	0.191	6.4e-10	0.00153176888671037
c9ooh2-4o2	0.191	6.49e-10	0.00151768098345728
c9ooh4-oo5-2	0.191	6.4e-10	0.00153176888671037
c9ooh6-oo5-2	0.191	6.4e-10	0.00153176888671037
c9ooh4-3o2	0.191	6.49e-10	0.00151768098345728
c14h28-5	0.196	7.32e-10	0.00113779881441364
c14h28-2-2	0.196	7.36e-10	0.00107580093379521
c14h28-11-2	0.196	7.36e-10	0.00107580093379521
nc11h23coch2	0.197	7.35e-10	0.00107581250739621
c14h29-2g	0.197	7.36e-10	0.00107580093379521
c14h29-1	0.197	7.48e-10	0.00116661611330176
c14h29-5	0.197	7.48e-10	0.00116661611330176
c13h26o7-11-2	0.198	7.24e-10	0.00113428840416964
nc12h25cho	0.198	7.06e-10	0.0012671701556085
c13o2-4	0.198	7.27e-10	0.00120989207762668
c13o1-5	0.198	7.27e-10	0.00120989207762668
c13o3-6	0.198	7.27e-10	0.00120989207762668
c13h26o7-9-2	0.198	7.24e-10	0.00113428840416964
c13h26o11-12-2	0.198	7.24e-10	0.00113428840416964
c13o4-7	0.198	7.27e-10	0.00120989207762668
c13h27o-2-2	0.199	7.24e-10	0.00113428840416964
c13h27o-1-2	0.199	7.24e-10	0.00113428840416964
c12ooh3-6	0.201	7.06e-10	0.0012671701556085
c12ooh7-2k	0.201	7.12e-10	0.00119935714457051
c12ooh1-2a	0.201	7.12e-10	0.00119935714457051
c12h25o2-1	0.201	7.06e-10	0.0012671701556085
c12h25oo-11-2	0.201	7.12e-10	0.00119935714457051
c12ooh6-7	0.201	7.06e-10	0.0012671701556085
c12ooh2-2a	0.201	7.12e-10	0.00119935714457051
c12ooh3-2b	0.201	7.12e-10	0.00119935714457051
c12ooh9-2j	0.201	7.12e-10	0.00119935714457051
c12ooh11-2i	0.201	7.12e-10	0.00119935714457051
c12ooh5-7	0.201	7.06e-10	0.0012671701556085
c12ooh2-6	0.201	7.06e-10	0.0012671701556085
c12ooh6-2d	0.201	7.12e-10	0.00119935714457051
c12ooh7-2h	0.201	7.12e-10	0.00119935714457051
c12ooh1-2d	0.201	7.12e-10	0.00119935714457051
c11ket1-5-2	0.202	6.68e-10	0.00145747099632717
c11ket4-5	0.202	6.8e-10	0.0013259082471493
c11ket3-7	0.202	6.8e-10	0.0013259082471493
c11ket4-6	0.202	6.8e-10	0.0013259082471493
c12h25ooh-3-2	0.202	7.12e-10	0.00119935714457051
c11ket5-8	0.202	6.8e-10	0.0013259082471493
c11ket7-9-2	0.202	6.68e-10	0.00145747099632717
c11ket7-8-2	0.202	6.68e-10	0.00145747099632717
c11ket6-5-2	0.202	6.68e-10	0.00145747099632717
c11ket9-7-2	0.202	6.68e-10	0.00145747099632717
c12h25o2h-1	0.202	7.06e-10	0.0012671701556085
c11ket5-4-2	0.202	6.68e-10	0.00145747099632717
c11ket5-9-2	0.202	6.68e-10	0.00145747099632717
c12h25ooh-7-2	0.202	7.12e-10	0.00119935714457051
c10ooh1-5o2	0.205	6.69e-10	0.00141860069227714
c10ooh4-5o2	0.205	6.69e-10	0.00141860069227714
c10ooh5-oo4-2	0.205	6.4e-10	0.00153176888671037
c10ooh4-8o2	0.205	6.69e-10	0.00141860069227714
c10ooh3-5o2	0.205	6.69e-10	0.00141860069227714
c10ooh7-oo8-2	0.205	6.4e-10	0.00153176888671037
c10ooh5-9o2	0.205	6.69e-10	0.00141860069227714
c10ooh5-oo1-2	0.205	6.4e-10	0.00153176888671037
c10ooh9-oo7-2	0.205	6.4e-10	0.00153176888671037
c10ooh4-6o2	0.205	6.69e-10	0.00141860069227714
c10ooh5-oo2-2	0.205	6.4e-10	0.00153176888671037
c15h30-12-2	0.21	7.46e-10	0.00102285047971688
c15h30-4-2	0.21	7.46e-10	0.00102285047971688
nc12h25chco	0.21	7.46e-10	0.00102285047971688
c15h31-8	0.211	7.58e-10	0.00110513112380784
c15h31-2h	0.211	7.46e-10	0.00102285047971688
nc12h25coch2	0.211	7.46e-10	0.00102285047971688
nc10h21coc3h6p	0.211	7.46e-10	0.00102285047971688
c14h28o2-5-2	0.212	7.36e-10	0.00107580093379521
c14h28o3-5-2	0.212	7.36e-10	0.00107580093379521
c14h28o6-10-2	0.212	7.36e-10	0.00107580093379521
c14h28o11-12-2	0.212	7.36e-10	0.00107580093379521
c14h28o1-4-2	0.212	7.36e-10	0.00107580093379521
c14o2-3	0.212	7.48e-10	0.00116661611330176
c14h28o12-13-2	0.212	7.36e-10	0.00107580093379521
c14h28o10-13-2	0.212	7.36e-10	0.00107580093379521
c14h28o6-7-2	0.212	7.36e-10	0.00107580093379521
c14h29o-10-2	0.213	7.36e-10	0.00107580093379521
c14h29o-6-2	0.213	7.36e-10	0.00107580093379521
c13ooh2-3	0.215	7.27e-10	0.00120989207762668
c13h27o2-7	0.215	7.27e-10	0.00120989207762668
c13h27oo-10-2	0.215	7.24e-10	0.00113428840416964
c13ooh4-3	0.215	7.27e-10	0.00120989207762668
c13ooh6-2h	0.215	7.24e-10	0.00113428840416964
c13ooh5-2h	0.215	7.24e-10	0.00113428840416964
c13ooh4-2h	0.215	7.24e-10	0.00113428840416964
c13ooh7-2k	0.215	7.24e-10	0.00113428840416964
c13ooh5-7	0.215	7.27e-10	0.00120989207762668
c13ooh6-2g	0.215	7.24e-10	0.00113428840416964
c13ooh7-5	0.215	7.27e-10	0.00120989207762668
c13ooh10-2i	0.215	7.24e-10	0.00113428840416964
c13ooh2-5	0.215	7.27e-10	0.00120989207762668
c13ooh2-1	0.215	7.27e-10	0.00120989207762668
c13ooh9-2g	0.215	7.24e-10	0.00113428840416964
c13ooh3-2d	0.215	7.24e-10	0.00113428840416964
c13ooh4-2g	0.215	7.24e-10	0.00113428840416964
c13h27o2h-1	0.216	7.27e-10	0.00120989207762668
c13h27o2h-3	0.216	7.27e-10	0.00120989207762668
c13h27o2h-2	0.216	7.27e-10	0.00120989207762668
c12ket9-10-2	0.216	7.12e-10	0.00119935714457051
c12ket3-1-2	0.216	7.12e-10	0.00119935714457051
c12ket5-8	0.216	7.06e-10	0.0012671701556085
c12ket5-2	0.216	7.06e-10	0.0012671701556085
c12ket3-7-2	0.216	7.12e-10	0.00119935714457051
c12ket5-8-2	0.216	7.12e-10	0.00119935714457051
c12ket5-9-2	0.216	7.12e-10	0.00119935714457051
c12ket6-7	0.216	7.06e-10	0.0012671701556085
c12ket4-5	0.216	7.06e-10	0.0012671701556085
c12ket6-3-2	0.216	7.12e-10	0.00119935714457051
c12ket8-7-2	0.216	7.12e-10	0.00119935714457051
c12ket5-6-2	0.216	7.12e-10	0.00119935714457051
c12ket10-7-2	0.216	7.12e-10	0.00119935714457051
c11ooh3-5o2	0.219	6.8e-10	0.0013259082471493
c11ooh3-7o2	0.219	6.8e-10	0.0013259082471493
c11ooh7-oo4-2	0.219	6.68e-10	0.00145747099632717
c11ooh6oo10-2	0.219	6.68e-10	0.00145747099632717
c11ooh6-oo2-2	0.219	6.68e-10	0.00145747099632717
c11ooh5-1o2	0.219	6.8e-10	0.0013259082471493
c11ooh1-oo5-2	0.219	6.68e-10	0.00145747099632717
c11ooh7-oo3-2	0.219	6.68e-10	0.00145747099632717
c11ooh3-6o2	0.219	6.8e-10	0.0013259082471493
c11ooh5-3o2	0.219	6.8e-10	0.0013259082471493
c11ooh6-oo8-2	0.219	6.68e-10	0.00145747099632717
c16h31	0.223	7.7e-10	0.00105958019432701
c16h32-9-2	0.224	7.56e-10	0.000974611373714731
c16h32-14-2	0.224	7.56e-10	0.000974611373714731
c16h32-4	0.224	7.7e-10	0.00105958019432701
c11coc3h6p	0.225	6.8e-10	0.0013259082471493
c16h33-2c	0.225	7.56e-10	0.000974611373714731
c16h33-1	0.225	7.73e-10	0.00106505346568398
c16h33-5	0.225	7.73e-10	0.00106505346568398
c15h30o9-12-2	0.226	7.46e-10	0.00102285047971688
c15h30o1-3-2	0.226	7.46e-10	0.00102285047971688
c15h30o7-10-2	0.226	7.46e-10	0.00102285047971688
c15o6-7	0.226	7.58e-10	0.00110513112380784
c15h30o5-7-2	0.226	7.46e-10	0.00102285047971688
c15o6-10	0.226	7.58e-10	0.00110513112380784
ic14h29cho	0.226	7.46e-10	0.00102285047971688
c15o2-4	0.226	7.58e-10	0.00110513112380784
c15o1-4	0.226	7.58e-10	0.00110513112380784
nc16h34	0.226	7.73e-10	0.00106505346568398
c15h31o-8-2	0.227	7.46e-10	0.00102285047971688
c15h31o-7	0.227	7.58e-10	0.00110513112380784
c14ooh7-2f	0.229	7.36e-10	0.00107580093379521
c14ooh6-2d	0.229	7.36e-10	0.00107580093379521
c14ooh11-2j	0.229	7.36e-10	0.00107580093379521
c14ooh4-7	0.229	7.48e-10	0.00116661611330176
c14ooh7-2e	0.229	7.36e-10	0.00107580093379521
c14ooh5-2g	0.229	7.36e-10	0.00107580093379521
c14ooh13-2l	0.229	7.36e-10	0.00107580093379521
c14ooh8-2j	0.229	7.36e-10	0.00107580093379521
c14ooh10-2l	0.229	7.36e-10	0.00107580093379521
c14ooh11-2g	0.229	7.36e-10	0.00107580093379521
c14ooh6-2h	0.229	7.36e-10	0.00107580093379521
c14ooh7-6	0.229	7.48e-10	0.00116661611330176
c14ooh4-2f	0.229	7.36e-10	0.00107580093379521
c14ooh2-2d	0.229	7.36e-10	0.00107580093379521
c14ooh6-7	0.229	7.48e-10	0.00116661611330176
c14ooh7-2c	0.229	7.36e-10	0.00107580093379521
c14ooh10-2m	0.229	7.36e-10	0.00107580093379521
c14ooh7-11	0.229	7.48e-10	0.00116661611330176
c14ooh4-2c	0.229	7.36e-10	0.00107580093379521
c13ket11-12-2	0.23	7.24e-10	0.00113428840416964
c13ket2-4	0.23	7.27e-10	0.00120989207762668
c13ket9-5-2	0.23	7.24e-10	0.00113428840416964
c13ket4-3-2	0.23	7.24e-10	0.00113428840416964
c13ket7-4	0.23	7.27e-10	0.00120989207762668
c13ket2-3	0.23	7.27e-10	0.00120989207762668
c13ket10-7-2	0.23	7.24e-10	0.00113428840416964
c13ket4-7-2	0.23	7.24e-10	0.00113428840416964
c13ket9-12-2	0.23	7.24e-10	0.00113428840416964
c13ket5-4	0.23	7.27e-10	0.00120989207762668
c13ket6-8-2	0.23	7.24e-10	0.00113428840416964
c13ket3-7-2	0.23	7.24e-10	0.00113428840416964
c13ket7-11-2	0.23	7.24e-10	0.00113428840416964
c13ket5-8	0.23	7.27e-10	0.00120989207762668
c14ooh6-2	0.23	7.48e-10	0.00116661611330176
c14h29ooh-7-2	0.23	7.36e-10	0.00107580093379521
c14h29o2h-7	0.23	7.48e-10	0.00116661611330176
c12ooh11oo10-2	0.233	7.12e-10	0.00119935714457051
c12ooh6-oo5-2	0.233	7.12e-10	0.00119935714457051
c12ooh8-oo5-2	0.233	7.12e-10	0.00119935714457051
c12ooh9-oo8-2	0.233	7.12e-10	0.00119935714457051
c12ooh1-oo5-2	0.233	7.12e-10	0.00119935714457051
c12ooh4-oo8-2	0.233	7.12e-10	0.00119935714457051
c12ooh5-oo2-2	0.233	7.12e-10	0.00119935714457051
c12ooh3-5o2	0.233	7.06e-10	0.0012671701556085
c12ooh6-oo9-2	0.233	7.12e-10	0.00119935714457051
c12ooh2-6o2	0.233	7.06e-10	0.0012671701556085
c12ooh6-oo3-2	0.233	7.12e-10	0.00119935714457051
c12ooh5-4o2	0.233	7.06e-10	0.0012671701556085
c12ooh5-8o2	0.233	7.06e-10	0.0012671701556085
c17h33-1-2	0.237	7.65e-10	0.00093042297028229
c17h34-10-2	0.238	7.65e-10	0.00093042297028229
c17h34-2	0.238	7.7e-10	0.00100332099248513
nc14h29coch2	0.239	7.64e-10	0.00093042297028229
c17h35-2g	0.239	7.65e-10	0.00093042297028229
c17h35-2j	0.239	7.65e-10	0.00093042297028229
c16h32o1-5-2	0.24	7.56e-10	0.000974611373714731
c16h32o9-11-2	0.24	7.56e-10	0.000974611373714731
c16o6-7	0.24	7.73e-10	0.00106505346568398
nc15h31cho	0.24	7.73e-10	0.00106505346568398
c16h32o5-8-2	0.24	7.56e-10	0.000974611373714731
c16h32o5-9-2	0.24	7.56e-10	0.000974611373714731
c16h32o12-13-2	0.24	7.56e-10	0.000974611373714731
c16o6-8	0.24	7.73e-10	0.00106505346568398
c16o7-8	0.24	7.73e-10	0.00106505346568398
c16h32o12-14-2	0.24	7.56e-10	0.000974611373714731
nc17h36	0.24	7.87e-10	0.00103430799623512
c16h33o-1-2	0.241	7.56e-10	0.000974611373714731
c16h33o-8	0.241	7.73e-10	0.00106505346568398
c15ooh5-2g	0.243	7.46e-10	0.00102285047971688
c15ooh6-2g	0.243	7.46e-10	0.00102285047971688
c15ooh10-2n	0.243	7.46e-10	0.00102285047971688
c15ooh1-4	0.243	7.58e-10	0.00110513112380784
c15ooh6-2e	0.243	7.46e-10	0.00102285047971688
c15ooh11-2j	0.243	7.46e-10	0.00102285047971688
c15h31o2-4	0.243	7.58e-10	0.00110513112380784
c15ooh11-2h	0.243	7.46e-10	0.00102285047971688
c15ooh4-8	0.243	7.58e-10	0.00110513112380784
c15ooh3-2f	0.243	7.46e-10	0.00102285047971688
c15h31o2-2	0.243	7.58e-10	0.00110513112380784
c15h31oo-12-2	0.243	7.46e-10	0.00102285047971688
c15h31oo-13-2	0.243	7.46e-10	0.00102285047971688
c15ooh6-8	0.243	7.58e-10	0.00110513112380784
c15ooh13-2i	0.243	7.46e-10	0.00102285047971688
c15ooh8-6	0.243	7.58e-10	0.00110513112380784
c15ooh3-2d	0.243	7.46e-10	0.00102285047971688
c15ooh5-2a	0.243	7.46e-10	0.00102285047971688
c15ooh6-3	0.243	7.58e-10	0.00110513112380784
c15ooh3-2g	0.243	7.46e-10	0.00102285047971688
c15h31ooh-5-2	0.244	7.46e-10	0.00102285047971688
c14ket5-7-2	0.244	7.36e-10	0.00107580093379521
c14ket1-3	0.244	7.48e-10	0.00116661611330176
c14ket2-1	0.244	7.48e-10	0.00116661611330176
c14ket7-10	0.244	7.48e-10	0.00116661611330176
c14ket1-2	0.244	7.48e-10	0.00116661611330176
c14ket8-12-2	0.244	7.36e-10	0.00107580093379521
c15h31ooh-12-2	0.244	7.46e-10	0.00102285047971688
c14ket4-1	0.244	7.48e-10	0.00116661611330176
c14ket7-9	0.244	7.48e-10	0.00116661611330176
c14ket3-1-2	0.244	7.36e-10	0.00107580093379521
c14ket12-9-2	0.244	7.36e-10	0.00107580093379521
c14ket9-13-2	0.244	7.36e-10	0.00107580093379521
c15h31ooh-10-2	0.244	7.46e-10	0.00102285047971688
c14ket1-3-2	0.244	7.36e-10	0.00107580093379521
c14ket11-9-2	0.244	7.36e-10	0.00107580093379521
c14ket1-1-2	0.244	7.36e-10	0.00107580093379521
c15h31ooh-8-2	0.244	7.46e-10	0.00102285047971688
c15ooh3-2	0.244	7.58e-10	0.00110513112380784
c14ket6-4-2	0.244	7.36e-10	0.00107580093379521
c13ooh2-4o2	0.247	7.27e-10	0.00120989207762668
c13ooh4-1o2	0.247	7.27e-10	0.00120989207762668
c13ooh5-oo4-2	0.247	7.24e-10	0.00113428840416964
c13ooh1-3o2	0.247	7.27e-10	0.00120989207762668
c13ooh8-oo9-2	0.247	7.24e-10	0.00113428840416964
c13ooh9-oo8-2	0.247	7.24e-10	0.00113428840416964
c13ooh5-3o2	0.247	7.27e-10	0.00120989207762668
c13ooh8-oo5-2	0.247	7.24e-10	0.00113428840416964
c13ooh2-oo1-2	0.247	7.24e-10	0.00113428840416964
c13ooh5-oo8-2	0.247	7.24e-10	0.00113428840416964
c13ooh4-6o2	0.247	7.27e-10	0.00120989207762668
c13ooh10oo11-2	0.247	7.24e-10	0.00113428840416964
c13ooh6-oo9-2	0.247	7.24e-10	0.00113428840416964
c13ooh9-oo6-2	0.247	7.24e-10	0.00113428840416964
c18h35-1-2	0.251	7.72e-10	0.000889750958706658
c18h36-14-2	0.252	7.72e-10	0.000889750958706658
c18h36-15-2	0.252	7.72e-10	0.000889750958706658
c18h37-2a	0.253	7.72e-10	0.000889750958706658
c18h37-2j	0.253	7.72e-10	0.000889750958706658
ic16h33co	0.253	7.64e-10	0.00093042297028229
c17h34o15-16-2	0.254	7.65e-10	0.00093042297028229
c17h34o4-6-2	0.254	7.65e-10	0.00093042297028229
c17h34o2-3-2	0.254	7.65e-10	0.00093042297028229
c18h38-2	0.254	7.72e-10	0.000889750958706658
c17h34o10-14-2	0.254	7.65e-10	0.00093042297028229
c17h34o10-12-2	0.254	7.65e-10	0.00093042297028229
c17h34o12-15-2	0.254	7.65e-10	0.00093042297028229
c17h34o6-10-2	0.254	7.65e-10	0.00093042297028229
c17h35o-3-2	0.255	7.65e-10	0.00093042297028229
c17h35o-15-2	0.255	7.65e-10	0.00093042297028229
c16ooh6-4	0.257	7.73e-10	0.00106505346568398
c16ooh6-2c	0.257	7.56e-10	0.000974611373714731
c16ooh3-2f	0.257	7.56e-10	0.000974611373714731
c16ooh15-2n	0.257	7.56e-10	0.000974611373714731
c16ooh4-2f	0.257	7.56e-10	0.000974611373714731
c16ooh11-2i	0.257	7.56e-10	0.000974611373714731
c16h33o2-4	0.257	7.73e-10	0.00106505346568398
c16ooh6-10	0.257	7.73e-10	0.00106505346568398
c16ooh5-8	0.257	7.73e-10	0.00106505346568398
c16ooh2-3	0.257	7.73e-10	0.00106505346568398
c16ooh7-8	0.257	7.73e-10	0.00106505346568398
c16ooh8-2j	0.257	7.56e-10	0.000974611373714731
c16h33oo-3-2	0.257	7.56e-10	0.000974611373714731
c16ooh12-2k	0.257	7.56e-10	0.000974611373714731
c16ooh6-5	0.257	7.73e-10	0.00106505346568398
c16ooh11-2g	0.257	7.56e-10	0.000974611373714731
c16ooh9-2h	0.257	7.56e-10	0.000974611373714731
c16ooh9-2g	0.257	7.56e-10	0.000974611373714731
c16ooh5-9	0.257	7.73e-10	0.00106505346568398
c16ooh8-2f	0.257	7.56e-10	0.000974611373714731
c16ooh3-2b	0.257	7.56e-10	0.000974611373714731
c15ket3-7-2	0.258	7.46e-10	0.00102285047971688
c15ket5-2-2	0.258	7.46e-10	0.00102285047971688
c15ket8-4	0.258	7.58e-10	0.00110513112380784
c15ket3-6-2	0.258	7.46e-10	0.00102285047971688
c15ket6-3-2	0.258	7.46e-10	0.00102285047971688
c15ket6-8-2	0.258	7.46e-10	0.00102285047971688
c15ket14-12-2	0.258	7.46e-10	0.00102285047971688
c15ket11-10-2	0.258	7.46e-10	0.00102285047971688
c15ket5-3	0.258	7.58e-10	0.00110513112380784
c15ket12-8-2	0.258	7.46e-10	0.00102285047971688
c15ket6-9	0.258	7.58e-10	0.00110513112380784
c15ket8-11-2	0.258	7.46e-10	0.00102285047971688
c15ket10-14-2	0.258	7.46e-10	0.00102285047971688
c15ket8-12-2	0.258	7.46e-10	0.00102285047971688
c15ket11-14-2	0.258	7.46e-10	0.00102285047971688
c15ket9-6-2	0.258	7.46e-10	0.00102285047971688
c16h33o2h-2	0.258	7.73e-10	0.00106505346568398
c15ket2-3	0.258	7.58e-10	0.00110513112380784
c15ket6-7	0.258	7.58e-10	0.00110513112380784
c15ket7-4	0.258	7.58e-10	0.00110513112380784
c16h33ooh-7-2	0.258	7.56e-10	0.000974611373714731
c14ooh9oo10-2	0.261	7.36e-10	0.00107580093379521
c14ooh3-oo7-2	0.261	7.36e-10	0.00107580093379521
c14ooh4-6o2	0.261	7.48e-10	0.00116661611330176
c14ooh7-oo9-2	0.261	7.36e-10	0.00107580093379521
c14ooh8oo11-2	0.261	7.36e-10	0.00107580093379521
c14ooh1-5o2	0.261	7.48e-10	0.00116661611330176
c14ooh4-oo1-2	0.261	7.36e-10	0.00107580093379521
c14ooh5-6o2	0.261	7.48e-10	0.00116661611330176
c14ooh3-2o2	0.261	7.48e-10	0.00116661611330176
c14ooh3-oo4-2	0.261	7.36e-10	0.00107580093379521
c14ooh4-oo2-2	0.261	7.36e-10	0.00107580093379521
c14ooh2-oo1-2	0.261	7.36e-10	0.00107580093379521
c14ooh1-oo2-2	0.261	7.36e-10	0.00107580093379521
c14ooh4-1o2	0.261	7.48e-10	0.00116661611330176
c14ooh8-oo5-2	0.261	7.36e-10	0.00107580093379521
c14ooh4-oo7-2	0.261	7.36e-10	0.00107580093379521
c19h37-1-2	0.265	7.79e-10	0.000852158944686363
c19h38-13-2	0.266	7.79e-10	0.000852158944686363
c19h38-7-2	0.266	7.79e-10	0.000852158944686363
c19h39-2i	0.267	7.79e-10	0.000852158944686363
c19h39-2o	0.267	7.79e-10	0.000852158944686363
c19h39-2q	0.267	7.79e-10	0.000852158944686363
c18h36o7-11-2	0.268	7.72e-10	0.000889750958706658
c18h36o2-4-2	0.268	7.72e-10	0.000889750958706658
c18h36o14-16-2	0.268	7.72e-10	0.000889750958706658
c18h36o3-6-2	0.268	7.72e-10	0.000889750958706658
c18h36o8-12-2	0.268	7.72e-10	0.000889750958706658
c18h36o10-13-2	0.268	7.72e-10	0.000889750958706658
c18h36o12-16-2	0.268	7.72e-10	0.000889750958706658
c18h36o6-7-2	0.268	7.72e-10	0.000889750958706658
c18h37o-2-2	0.269	7.72e-10	0.000889750958706658
c18h37o-4-2	0.269	7.72e-10	0.000889750958706658
c17ooh12-2p	0.271	7.65e-10	0.00093042297028229
c17ooh10-2n	0.271	7.65e-10	0.00093042297028229
c17ooh13-2p	0.271	7.65e-10	0.00093042297028229
c17ooh13-2o	0.271	7.65e-10	0.00093042297028229
c17ooh11-2g	0.271	7.65e-10	0.00093042297028229
c17ooh3-2f	0.271	7.65e-10	0.00093042297028229
c17ooh14-2p	0.271	7.65e-10	0.00093042297028229
c17h35oo-9-2	0.271	7.65e-10	0.00093042297028229
c17h35oo-2-2	0.271	7.65e-10	0.00093042297028229
c17ooh10-2g	0.271	7.65e-10	0.00093042297028229
c17ooh9-2f	0.271	7.65e-10	0.00093042297028229
c17ooh14-2l	0.271	7.65e-10	0.00093042297028229
c17ooh15-2k	0.271	7.65e-10	0.00093042297028229
c17ooh13-2i	0.271	7.65e-10	0.00093042297028229
c17ooh7-2f	0.271	7.65e-10	0.00093042297028229
c16ket6-4	0.272	7.73e-10	0.00106505346568398
c16ket3-7-2	0.272	7.56e-10	0.000974611373714731
c16ket3-6	0.272	7.73e-10	0.00106505346568398
c16ket7-5-2	0.272	7.56e-10	0.000974611373714731
c16ket10-7-2	0.272	7.56e-10	0.000974611373714731
c16ket10-13-2	0.272	7.56e-10	0.000974611373714731
c16ket6-10	0.272	7.73e-10	0.00106505346568398
c16ket6-4-2	0.272	7.56e-10	0.000974611373714731
c16ket7-10	0.272	7.73e-10	0.00106505346568398
c16ket5-7-2	0.272	7.56e-10	0.000974611373714731
c17h35ooh-1-2	0.272	7.65e-10	0.00093042297028229
c16ket9-5-2	0.272	7.56e-10	0.000974611373714731
c16ket5-1-2	0.272	7.56e-10	0.000974611373714731
c16ket5-3	0.272	7.73e-10	0.00106505346568398
c16ket12-15-2	0.272	7.56e-10	0.000974611373714731
c16ket1-2-2	0.272	7.56e-10	0.000974611373714731
c16ket8-6-2	0.272	7.56e-10	0.000974611373714731
c16ket7-8	0.272	7.73e-10	0.00106505346568398
c16ket4-1	0.272	7.73e-10	0.00106505346568398
c16ket8-9-2	0.272	7.56e-10	0.000974611373714731
c17h35ooh-15-2	0.272	7.65e-10	0.00093042297028229
c15ooh13oo12-2	0.275	7.46e-10	0.00102285047971688
c15ooh7oo10-2	0.275	7.46e-10	0.00102285047971688
c15ooh5-6o2	0.275	7.58e-10	0.00110513112380784
c15ooh8-oo9-2	0.275	7.46e-10	0.00102285047971688
c15ooh1-5o2	0.275	7.58e-10	0.00110513112380784
c15ooh10oo12-2	0.275	7.46e-10	0.00102285047971688
c15ooh10oo11-2	0.275	7.46e-10	0.00102285047971688
c15ooh9oo10-2	0.275	7.46e-10	0.00102285047971688
c15ooh1-3o2	0.275	7.58e-10	0.00110513112380784
c15ooh1-oo2-2	0.275	7.46e-10	0.00102285047971688
c15ooh3-oo2-2	0.275	7.46e-10	0.00102285047971688
c15ooh3-oo7-2	0.275	7.46e-10	0.00102285047971688
c15ooh4-oo7-2	0.275	7.46e-10	0.00102285047971688
c15ooh7-oo8-2	0.275	7.46e-10	0.00102285047971688
c15ooh3-4o2	0.275	7.58e-10	0.00110513112380784
c15ooh1-oo3-2	0.275	7.46e-10	0.00102285047971688
c15ooh7-oo5-2	0.275	7.46e-10	0.00102285047971688
c15ooh10oo13-2	0.275	7.46e-10	0.00102285047971688
c20h40-11-2	0.28	7.86e-10	0.00081727390117524
c20h40-7-2	0.28	7.86e-10	0.00081727390117524
c20h41-2i	0.281	7.86e-10	0.00081727390117524
c20h41-2a	0.281	7.86e-10	0.00081727390117524
c20h41-2n	0.281	7.86e-10	0.00081727390117524
c20h42-2	0.282	7.86e-10	0.00081727390117524
c19h38o1-1-2	0.282	7.79e-10	0.000852158944686363
c19h38o10-11-2	0.282	7.79e-10	0.000852158944686363
c19h38o9-13-2	0.282	7.79e-10	0.000852158944686363
c19h38o4-7-2	0.282	7.79e-10	0.000852158944686363
c19h38o15-18-2	0.282	7.79e-10	0.000852158944686363
c19h38o13-14-2	0.282	7.79e-10	0.000852158944686363
c19h38o7-11-2	0.282	7.79e-10	0.000852158944686363
ic18h37cho	0.282	7.79e-10	0.000852158944686363
c19h39o-14-2	0.283	7.79e-10	0.000852158944686363
c19h39o-2-2	0.283	7.79e-10	0.000852158944686363
c18ooh10-2f	0.285	7.72e-10	0.000889750958706658
c18ooh5-2h	0.285	7.72e-10	0.000889750958706658
c18ooh1-2e	0.285	7.72e-10	0.000889750958706658
c18ooh5-2g	0.285	7.72e-10	0.000889750958706658
c18ooh4-2c	0.285	7.72e-10	0.000889750958706658
c18ooh9-2k	0.285	7.72e-10	0.000889750958706658
c18ooh1-2b	0.285	7.72e-10	0.000889750958706658
c18ooh7-2d	0.285	7.72e-10	0.000889750958706658
c18ooh14-2p	0.285	7.72e-10	0.000889750958706658
c18ooh16-2o	0.285	7.72e-10	0.000889750958706658
c18ooh9-2f	0.285	7.72e-10	0.000889750958706658
c18h37oo-10-2	0.285	7.72e-10	0.000889750958706658
c18h37oo-5-2	0.285	7.72e-10	0.000889750958706658
c18ooh8-2i	0.285	7.72e-10	0.000889750958706658
c18h37oo-3-2	0.285	7.72e-10	0.000889750958706658
c18ooh11-2m	0.285	7.72e-10	0.000889750958706658
c18ooh12-2o	0.285	7.72e-10	0.000889750958706658
c17ket9-13-2	0.286	7.65e-10	0.00093042297028229
c17ket6-9-2	0.286	7.65e-10	0.00093042297028229
c17ket7-9-2	0.286	7.65e-10	0.00093042297028229
c17ket7-4-2	0.286	7.65e-10	0.00093042297028229
c18h37ooh-4-2	0.286	7.72e-10	0.000889750958706658
c17ket11-7-2	0.286	7.65e-10	0.00093042297028229
c18h37ooh-1-2	0.286	7.72e-10	0.000889750958706658
c17ket9-8-2	0.286	7.65e-10	0.00093042297028229
c17ket7-10-2	0.286	7.65e-10	0.00093042297028229
c17ket5-8-2	0.286	7.65e-10	0.00093042297028229
c17ket16-14-2	0.286	7.65e-10	0.00093042297028229
c18h37ooh-12-2	0.286	7.72e-10	0.000889750958706658
c17ket16-13-2	0.286	7.65e-10	0.00093042297028229
c17ket4-8-2	0.286	7.65e-10	0.00093042297028229
c17ket15-11-2	0.286	7.65e-10	0.00093042297028229
c16ooh8-5o2	0.289	7.73e-10	0.00106505346568398
c16ooh2-6o2	0.289	7.73e-10	0.00106505346568398
c16ooh2-oo4-2	0.289	7.56e-10	0.000974611373714731
c16ooh7-9o2	0.289	7.73e-10	0.00106505346568398
c16ooh13oo12-2	0.289	7.56e-10	0.000974611373714731
c16ooh7oo11-2	0.289	7.56e-10	0.000974611373714731
c16ooh8-4o2	0.289	7.73e-10	0.00106505346568398
c16ooh12oo13-2	0.289	7.56e-10	0.000974611373714731
c16ooh5-1o2	0.289	7.73e-10	0.00106505346568398
c16ooh5-oo4-2	0.289	7.56e-10	0.000974611373714731
c16ooh11oo8-2	0.289	7.56e-10	0.000974611373714731
c16ooh9oo11-2	0.289	7.56e-10	0.000974611373714731
c16ooh1-2o2	0.289	7.73e-10	0.00106505346568398
c16ooh3-2o2	0.289	7.73e-10	0.00106505346568398
c16ooh9-oo5-2	0.289	7.56e-10	0.000974611373714731
c16ooh9oo13-2	0.289	7.56e-10	0.000974611373714731
c16ooh7-3o2	0.289	7.73e-10	0.00106505346568398
c16ooh12oo15-2	0.289	7.56e-10	0.000974611373714731
c16ooh10oo6-2	0.289	7.56e-10	0.000974611373714731
c20h40o16-19-2	0.296	7.86e-10	0.00081727390117524
c20h40o8-10-2	0.296	7.86e-10	0.00081727390117524
c20h40o6-7-2	0.296	7.86e-10	0.00081727390117524
c20h40o13-15-2	0.296	7.86e-10	0.00081727390117524
c20h40o7-11-2	0.296	7.86e-10	0.00081727390117524
c20h40o13-16-2	0.296	7.86e-10	0.00081727390117524
c20h40o13-14-2	0.296	7.86e-10	0.00081727390117524
c20h40o9-13-2	0.296	7.86e-10	0.00081727390117524
c20h41o-7-2	0.297	7.86e-10	0.00081727390117524
c20h41o-8-2	0.297	7.86e-10	0.00081727390117524
c20h41o-5-2	0.297	7.86e-10	0.00081727390117524
c19ooh16-2q	0.299	7.79e-10	0.000852158944686363
c19ooh2-2d	0.299	7.79e-10	0.000852158944686363
c19h39oo-12-2	0.299	7.79e-10	0.000852158944686363
c19ooh3-2g	0.299	7.79e-10	0.000852158944686363
c19ooh17-2o	0.299	7.79e-10	0.000852158944686363
c19ooh17-2m	0.299	7.79e-10	0.000852158944686363
c19ooh12-2j	0.299	7.79e-10	0.000852158944686363
c19ooh15-2l	0.299	7.79e-10	0.000852158944686363
c19ooh10-2k	0.299	7.79e-10	0.000852158944686363
c19ooh13-2i	0.299	7.79e-10	0.000852158944686363
c19ooh7-2i	0.299	7.79e-10	0.000852158944686363
c19ooh16-2l	0.299	7.79e-10	0.000852158944686363
c19ooh7-2e	0.299	7.79e-10	0.000852158944686363
c19ooh11-2l	0.299	7.79e-10	0.000852158944686363
c19h39oo-11-2	0.299	7.79e-10	0.000852158944686363
c19ooh6-2e	0.299	7.79e-10	0.000852158944686363
c19ooh2-2e	0.299	7.79e-10	0.000852158944686363
c19ooh13-2o	0.299	7.79e-10	0.000852158944686363
c18ket4-3-2	0.3	7.72e-10	0.000889750958706658
c18ket1-4-2	0.3	7.72e-10	0.000889750958706658
c18ket12-13-2	0.3	7.72e-10	0.000889750958706658
c18ket3-7-2	0.3	7.72e-10	0.000889750958706658
c18ket13-14-2	0.3	7.72e-10	0.000889750958706658
c18ket6-5-2	0.3	7.72e-10	0.000889750958706658
c18ket11-15-2	0.3	7.72e-10	0.000889750958706658
c18ket8-12-2	0.3	7.72e-10	0.000889750958706658
c18ket5-2-2	0.3	7.72e-10	0.000889750958706658
c18ket7-5-2	0.3	7.72e-10	0.000889750958706658
c18ket9-13-2	0.3	7.72e-10	0.000889750958706658
c18ket8-6-2	0.3	7.72e-10	0.000889750958706658
c18ket12-9-2	0.3	7.72e-10	0.000889750958706658
c18ket7-4-2	0.3	7.72e-10	0.000889750958706658
c19h39ooh-15-2	0.3	7.79e-10	0.000852158944686363
c19h39ooh-10-2	0.3	7.79e-10	0.000852158944686363
c17ooh16oo15-2	0.303	7.65e-10	0.00093042297028229
c17ooh3-oo2-2	0.303	7.65e-10	0.00093042297028229
c17ooh8oo12-2	0.303	7.65e-10	0.00093042297028229
c17ooh8-oo7-2	0.303	7.65e-10	0.00093042297028229
c17ooh8oo10-2	0.303	7.65e-10	0.00093042297028229
c17ooh14oo16-2	0.303	7.65e-10	0.00093042297028229
c17ooh12oo8-2	0.303	7.65e-10	0.00093042297028229
c17ooh3-oo6-2	0.303	7.65e-10	0.00093042297028229
c17ooh4-oo8-2	0.303	7.65e-10	0.00093042297028229
c17ooh10oo12-2	0.303	7.65e-10	0.00093042297028229
c17ooh13oo9-2	0.303	7.65e-10	0.00093042297028229
c17ooh1-oo4-2	0.303	7.65e-10	0.00093042297028229
c17ooh13oo16-2	0.303	7.65e-10	0.00093042297028229
c17ooh13oo14-2	0.303	7.65e-10	0.00093042297028229
c20ooh7-2d	0.313	7.86e-10	0.00081727390117524
c20ooh7-2k	0.313	7.86e-10	0.00081727390117524
c20ooh11-2o	0.313	7.86e-10	0.00081727390117524
c20ooh5-2i	0.313	7.86e-10	0.00081727390117524
c20ooh1-2c	0.313	7.86e-10	0.00081727390117524
c20ooh7-2j	0.313	7.86e-10	0.00081727390117524
c20ooh10-2l	0.313	7.86e-10	0.00081727390117524
c20ooh13-2i	0.313	7.86e-10	0.00081727390117524
c20ooh11-2n	0.313	7.86e-10	0.00081727390117524
c20h41oo-14-2	0.313	7.86e-10	0.00081727390117524
c20ooh10-2f	0.313	7.86e-10	0.00081727390117524
c20ooh8-2l	0.313	7.86e-10	0.00081727390117524
c20ooh14-2m	0.313	7.86e-10	0.00081727390117524
c20ooh6-2d	0.313	7.86e-10	0.00081727390117524
c20ooh15-2n	0.313	7.86e-10	0.00081727390117524
c20ooh18-2o	0.313	7.86e-10	0.00081727390117524
c20ooh12-2h	0.313	7.86e-10	0.00081727390117524
c20ooh9-2k	0.313	7.86e-10	0.00081727390117524
c20ooh9-2f	0.313	7.86e-10	0.00081727390117524
c20h41ooh-18-2	0.314	7.86e-10	0.00081727390117524
c20h41ooh-7-2	0.314	7.86e-10	0.00081727390117524
c19ket13-15-2	0.314	7.79e-10	0.000852158944686363
c19ket11-15-2	0.314	7.79e-10	0.000852158944686363
c19ket17-13-2	0.314	7.79e-10	0.000852158944686363
c19ket5-2-2	0.314	7.79e-10	0.000852158944686363
c19ket7-6-2	0.314	7.79e-10	0.000852158944686363
c19ket3-5-2	0.314	7.79e-10	0.000852158944686363
c19ket7-9-2	0.314	7.79e-10	0.000852158944686363
c19ket10-13-2	0.314	7.79e-10	0.000852158944686363
c19ket3-4-2	0.314	7.79e-10	0.000852158944686363
c19ket8-12-2	0.314	7.79e-10	0.000852158944686363
c19ket13-14-2	0.314	7.79e-10	0.000852158944686363
c19ket9-5-2	0.314	7.79e-10	0.000852158944686363
c19ket1-3-2	0.314	7.79e-10	0.000852158944686363
c19ket10-12-2	0.314	7.79e-10	0.000852158944686363
c19ket8-11-2	0.314	7.79e-10	0.000852158944686363
c18ooh15oo16-2	0.317	7.72e-10	0.000889750958706658
c18ooh6-oo7-2	0.317	7.72e-10	0.000889750958706658
c18ooh13oo11-2	0.317	7.72e-10	0.000889750958706658
c18ooh14oo16-2	0.317	7.72e-10	0.000889750958706658
c18ooh10oo7-2	0.317	7.72e-10	0.000889750958706658
c18ooh9oo13-2	0.317	7.72e-10	0.000889750958706658
c18ooh7-oo3-2	0.317	7.72e-10	0.000889750958706658
c18ooh11oo10-2	0.317	7.72e-10	0.000889750958706658
c18ooh5-oo1-2	0.317	7.72e-10	0.000889750958706658
c18ooh3-oo7-2	0.317	7.72e-10	0.000889750958706658
c18ooh11oo8-2	0.317	7.72e-10	0.000889750958706658
c18ooh6-oo8-2	0.317	7.72e-10	0.000889750958706658
c18ooh5-oo6-2	0.317	7.72e-10	0.000889750958706658
c18ooh5-oo2-2	0.317	7.72e-10	0.000889750958706658
c18ooh11oo9-2	0.317	7.72e-10	0.000889750958706658
c20ket3-4-2	0.328	7.86e-10	0.00081727390117524
c20ket10-13-2	0.328	7.86e-10	0.00081727390117524
c20ket3-2-2	0.328	7.86e-10	0.00081727390117524
c20ket9-7-2	0.328	7.86e-10	0.00081727390117524
c20ket1-3-2	0.328	7.86e-10	0.00081727390117524
c20ket12-9-2	0.328	7.86e-10	0.00081727390117524
c20ket11-8-2	0.328	7.86e-10	0.00081727390117524
c20ket16-15-2	0.328	7.86e-10	0.00081727390117524
c20ket16-18-2	0.328	7.86e-10	0.00081727390117524
c20ket15-12-2	0.328	7.86e-10	0.00081727390117524
c20ket8-5-2	0.328	7.86e-10	0.00081727390117524
c20ket6-4-2	0.328	7.86e-10	0.00081727390117524
c20ket9-10-2	0.328	7.86e-10	0.00081727390117524
c20ket6-10-2	0.328	7.86e-10	0.00081727390117524
c20ket17-14-2	0.328	7.86e-10	0.00081727390117524
c20ket5-7-2	0.328	7.86e-10	0.00081727390117524
c19ooh2-oo5-2	0.331	7.79e-10	0.000852158944686363
c19ooh9-oo5-2	0.331	7.79e-10	0.000852158944686363
c19ooh7oo11-2	0.331	7.79e-10	0.000852158944686363
c19ooh2-oo1-2	0.331	7.79e-10	0.000852158944686363
c19ooh3-oo2-2	0.331	7.79e-10	0.000852158944686363
c19ooh10oo6-2	0.331	7.79e-10	0.000852158944686363
c19ooh5-oo4-2	0.331	7.79e-10	0.000852158944686363
c19ooh5-oo1-2	0.331	7.79e-10	0.000852158944686363
c19ooh7-oo3-2	0.331	7.79e-10	0.000852158944686363
c19ooh9-oo6-2	0.331	7.79e-10	0.000852158944686363
c19ooh6oo10-2	0.331	7.79e-10	0.000852158944686363
c19ooh7oo10-2	0.331	7.79e-10	0.000852158944686363
c19ooh3-oo4-2	0.331	7.79e-10	0.000852158944686363
c19ooh18oo15-2	0.331	7.79e-10	0.000852158944686363
c19ooh4-oo7-2	0.331	7.79e-10	0.000852158944686363
c20ooh12oo10-2	0.345	7.86e-10	0.00081727390117524
c20ooh7-oo6-2	0.345	7.86e-10	0.00081727390117524
c20ooh12oo14-2	0.345	7.86e-10	0.00081727390117524
c20ooh6-oo8-2	0.345	7.86e-10	0.00081727390117524
c20ooh11oo14-2	0.345	7.86e-10	0.00081727390117524
c20ooh12oo9-2	0.345	7.86e-10	0.00081727390117524
c20ooh11oo8-2	0.345	7.86e-10	0.00081727390117524
c20ooh6-oo3-2	0.345	7.86e-10	0.00081727390117524
c20ooh10oo14-2	0.345	7.86e-10	0.00081727390117524
c20ooh14oo16-2	0.345	7.86e-10	0.00081727390117524
c20ooh4-oo8-2	0.345	7.86e-10	0.00081727390117524
c20ooh9oo12-2	0.345	7.86e-10	0.00081727390117524
c20ooh10oo7-2	0.345	7.86e-10	0.00081727390117524
c20ooh4-oo7-2	0.345	7.86e-10	0.00081727390117524
c20ooh15oo16-2	0.345	7.86e-10	0.00081727390117524
c20ooh4-oo6-2	0.345	7.86e-10	0.00081727390117524
c20ooh5-oo7-2	0.345	7.86e-10	0.00081727390117524
c20ooh3-oo2-2	0.345	7.86e-10	0.00081727390117524